ListWorksALL: 0:01:58.503577
StAnWorks_install_pvs: 0:00:08.340685
StAnWorks_install_oint: 0:10:40.752648
StAnWorks_install_cppc: 0:03:37.661503
StAnWorks_install_cc: 0:03:29.193472
