ListWorksALL: 0:00:38.650992
StAnWorks_install_pvs: 0:00:08.753073
StAnWorks_install_oint: 0:13:06.200963
StAnWorks_install_cppc: 0:00:20.251448
StAnWorks_install_cc: 0:04:03.713879
