ListWorksALL: 0:00:26.603459
StAnWorks_install_pvs: 0:00:10.836266
StAnWorks_install_oint: 0:14:47.129585
StAnWorks_install_cppc: 0:05:02.803868
StAnWorks_install_cc: 0:04:46.435685
StAnWorks_install_cq: 0:00:50.579160
StAnWorks_works_pvs_on_m300722p2: 0:00:00.000022
StAnWorks_works_cq_on_m300722p2: 0:00:00.000014
StAnWorks_works_oint_on_m300722p2: 1:53:14.993605
StAnWorks_install_pvs: 0:00:21.856759
StAnWorks_install_cq: 0:00:30.628478
