ListWorksALL: 0:00:13.683276
StAnWorks_install_pvs: 0:00:08.643896
StAnWorks_install_oint: 0:10:36.998483
StAnWorks_install_cppc: 0:04:01.515163
StAnWorks_install_cc: 0:03:54.798184
StAnWorks_install_cq: 0:00:27.941528
StAnWorks_install_pvs: 0:00:23.786954
StAnWorks_install_cq: 0:00:29.861577
StAnWorks_install_pvs: 0:00:37.078971
StAnWorks_install_cq: 0:00:27.482522
