ListWorksALL: 0:00:35.711148
StAnWorks_install_pvs: 0:00:10.765624
StAnWorks_install_oint: 0:12:52.829801
StAnWorks_install_cppc: 0:00:20.547673
StAnWorks_install_cc: 0:04:16.041110
