ListWorksALL: 0:00:10.156057
StAnWorks_install_pvs: 0:00:10.087694
StAnWorks_install_oint: 0:15:38.122933
StAnWorks_install_cppc: 0:05:09.406511
StAnWorks_install_cc: 0:05:02.678505
StAnWorks_install_cq: 0:00:46.446304
StAnWorks_works_pvs_on_m120822p4: 1:59:14.105792
StAnWorks_install_pvs: 0:00:24.637669
StAnWorks_install_cq: 0:01:20.654021
StAnWorks_install_pvs: 0:00:35.610687
StAnWorks_install_cq: 0:00:44.534192
