ListWorksALL: 0:00:22.010767
StAnWorks_install_pvs: 0:00:07.079069
StAnWorks_install_oint: 0:10:33.840613
StAnWorks_install_cppc: 0:03:54.894371
StAnWorks_install_cc: 0:03:37.437899
StAnWorks_install_cq: 0:00:29.070365
StAnWorks_works_pvs_on_m300722p2: 3:33:40.962674
StAnWorks_install_pvs: 0:00:24.058134
StAnWorks_install_cq: 0:00:40.242005
