ListWorksALL: 0:01:11.722146
StAnWorks_install_pvs: 0:00:08.184004
StAnWorks_install_oint: 0:11:01.339586
StAnWorks_install_cppc: 0:04:01.730015
StAnWorks_install_cc: 0:03:43.896249
StAnWorks_install_cq: 0:00:42.399962
StAnWorks_works_pvs_on_Fix: 0:00:00.000014
StAnWorks_works_cq_on_Fix: 0:00:00.000012
StAnWorks_works_oint_on_Fix: 2:53:45.921441
StAnWorks_install_pvs: 0:00:38.130217
StAnWorks_install_cq: 0:00:48.018689
