ListWorksALL: 0:00:22.744145
StAnWorks_install_pvs: 0:00:09.112101
StAnWorks_install_oint: 0:14:30.381314
StAnWorks_install_cppc: 0:03:41.254482
StAnWorks_install_cc: 0:03:40.036360
StAnWorks_install_cq: 0:00:59.687310
