ListWorksALL: 0:00:05.895449
StAnWorks_install_pvs: 0:00:08.662721
StAnWorks_install_oint: 0:10:07.224695
StAnWorks_install_cppc: 0:03:33.924528
StAnWorks_install_cc: 0:03:02.699632
StAnWorks_install_cq: 0:00:24.054349
StAnWorks_works_pvs_on_m220422p6: 2:29:26.886868
StAnWorks_works_oint_on_m220422p6: 1:23:06.027642
