ListWorksALL: 0:00:08.173059
StAnWorks_install_pvs: 0:00:07.785509
StAnWorks_install_oint: 0:09:55.059089
StAnWorks_install_cppc: 0:03:45.389619
StAnWorks_install_cc: 0:03:16.017398
StAnWorks_install_cq: 0:00:23.650590
StAnWorks_works_pvs_on_Fix: 0:10:52.992266
StAnWorks_works_cq_on_Fix: 0:35:54.961269
StAnWorks_works_oint_on_Fix: 0:04:01.378404
StAnWorks_works_cc_on_Fix: 0:11:47.391369
StAnWorks_install_pvs: 0:00:19.131269
StAnWorks_install_cq: 0:00:24.955066
