ListWorksALL: 0:00:53.549672
StAnWorks_install_pvs: 0:00:08.970859
StAnWorks_install_oint: 0:10:13.290617
StAnWorks_install_cppc: 0:00:16.440856
StAnWorks_install_cc: 0:03:29.711602
StAnWorks_install_cq: 0:00:59.410969
StAnWorks_works_pvs_on_m060822p3: 0:00:00.000013
