StAnWorks_install_pvs: 0:00:19.160673
StAnWorks_install_cq: 0:00:21.845046
