ListWorksALL: 0:00:51.685549
StAnWorks_install_pvs: 0:00:15.533399
StAnWorks_install_oint: 0:10:01.684657
StAnWorks_install_cppc: 0:00:18.229520
StAnWorks_install_cc: 0:03:19.395737
StAnWorks_install_cq: 0:00:32.237156
StAnWorks_works_pvs_on_m120822p4: 1:29:38.560321
StAnWorks_works_cq_on_m120822p4: 2:04:12.715290
StAnWorks_works_oint_on_m120822p4: 0:32:45.348103
