ListWorksALL: 0:01:20.760051
StAnWorks_install_pvs: 0:00:07.581306
StAnWorks_install_oint: 0:11:01.916007
StAnWorks_install_cppc: 0:00:18.101326
StAnWorks_install_cc: 0:03:22.517424
StAnWorks_install_cq: 0:00:39.196602
StAnWorks_works_pvs_on_newDesc230722p1: 4:01:12.776597
StAnWorks_install_pvs: 0:00:20.823702
StAnWorks_install_cq: 0:00:30.280494
