ListWorksALL: 0:01:03.949387
StAnWorks_install_pvs: 0:00:11.849585
StAnWorks_install_oint: 0:15:00.824882
StAnWorks_install_cppc: 0:00:20.298250
StAnWorks_install_cc: 0:04:52.794791
StAnWorks_install_cq: 0:01:17.380277
