ListWorksALL: 0:01:53.457389
StAnWorks_install_pvs: 0:00:08.066778
StAnWorks_install_oint: 0:10:50.296284
StAnWorks_install_cppc: 0:03:54.725536
StAnWorks_install_cc: 0:03:40.477592
