ListWorksALL: 0:01:02.525253
StAnWorks_install_pvs: 0:00:08.359856
StAnWorks_install_oint: 0:11:09.692316
StAnWorks_install_cppc: 0:00:16.752065
StAnWorks_install_cc: 0:03:36.209497
