ListWorksALL: 0:00:38.920325
StAnWorks_install_pvs: 0:00:12.823018
StAnWorks_install_oint: 0:10:15.708634
StAnWorks_install_cppc: 0:00:17.352684
StAnWorks_install_cc: 0:03:18.386122
