ListWorksALL: 0:00:09.428248
StAnWorks_install_pvs: 0:00:08.657410
StAnWorks_install_oint: 0:13:20.977668
StAnWorks_install_cppc: 0:04:12.682604
StAnWorks_install_cc: 0:01:11.163518
StAnWorks_install_cq: 0:00:57.703625
