ListWorksALL: 0:00:18.901691
StAnWorks_install_pvs: 0:00:08.122833
StAnWorks_install_oint: 0:09:02.352647
StAnWorks_install_cppc: 0:00:17.358611
StAnWorks_install_cc: 0:03:28.812484
