ListWorksALL: 0:00:35.711148
StAnWorks_install_pvs: 0:00:10.765624
StAnWorks_install_oint: 0:12:52.829801
StAnWorks_install_cppc: 0:00:20.547673
StAnWorks_install_cc: 0:04:16.041110
StAnWorks_install_cq: 0:00:34.267851
StAnWorks_works_pvs_on_Fix: 0:00:00.000017
