ListWorksALL: 0:00:41.999572
StAnWorks_install_pvs: 0:00:07.662394
StAnWorks_install_oint: 0:10:51.452618
StAnWorks_install_cppc: 0:03:33.865358
StAnWorks_install_cc: 0:03:18.114450
StAnWorks_install_cq: 0:00:30.448657
StAnWorks_works_pvs_on_m060822p3: 4:00:47.884774
StAnWorks_works_cq_on_m060822p3: 0:21:32.610282
StAnWorks_install_pvs: 0:00:22.161988
StAnWorks_install_cq: 0:00:33.513165
StAnWorks_works_pvs_on_m200822p5: 0:00:00.000017
