ListWorksALL: 0:01:02.525253
StAnWorks_install_pvs: 0:00:08.359856
StAnWorks_install_oint: 0:11:09.692316
StAnWorks_install_cppc: 0:00:16.752065
StAnWorks_install_cc: 0:03:36.209497
StAnWorks_install_cq: 0:00:30.123557
StAnWorks_works_pvs_on_Fix: 0:00:00.000013
StAnWorks_works_cq_on_Fix: 0:00:00.000011
StAnWorks_works_oint_on_Fix: 3:16:09.823856
StAnWorks_install_pvs: 0:00:22.780174
StAnWorks_install_cq: 0:01:15.964546
