ListWorksALL: 0:00:08.427233
StAnWorks_install_pvs: 0:00:07.684630
StAnWorks_install_oint: 0:10:23.494921
StAnWorks_install_cppc: 0:03:46.374330
StAnWorks_install_cc: 0:03:24.764660
