ListWorksALL: 0:01:58.503577
StAnWorks_install_pvs: 0:00:08.340685
StAnWorks_install_oint: 0:10:40.752648
StAnWorks_install_cppc: 0:03:37.661503
StAnWorks_install_cc: 0:03:29.193472
StAnWorks_install_cq: 0:00:39.944534
StAnWorks_works_pvs_on_Fix: 0:00:00.000011
StAnWorks_works_cq_on_Fix: 0:00:00.000011
StAnWorks_works_oint_on_Fix: 0:10:30.993182
StAnWorks_works_cc_on_Fix: 0:00:00.000011
StAnWorks_works_cppc_on_Fix: 4:02:05.036791
