ListWorksALL: 0:00:39.008153
StAnWorks_install_pvs: 0:00:08.430027
StAnWorks_install_oint: 0:10:30.824819
StAnWorks_install_cppc: 0:00:17.784124
StAnWorks_install_cc: 0:03:28.236972
StAnWorks_install_cq: 0:00:31.411883
StAnWorks_works_pvs_on_Fix: 0:00:00.000013
StAnWorks_works_cq_on_Fix: 4:00:48.345870
