ListWorksALL: 0:00:18.098768
StAnWorks_install_pvs: 0:00:11.212652
StAnWorks_install_oint: 0:14:06.067362
StAnWorks_install_cppc: 0:04:38.051869
StAnWorks_install_cc: 0:04:31.288564
StAnWorks_install_cq: 0:01:04.147986
StAnWorks_works_pvs_on_m140422p5: 0:00:00.000015
StAnWorks_works_oint_on_m140422p5: 0:57:56.398077
