ListWorksALL: 0:00:33.678814
StAnWorks_install_pvs: 0:00:07.462156
StAnWorks_install_oint: 0:09:57.346022
StAnWorks_install_cppc: 0:00:17.157900
StAnWorks_install_cc: 0:03:11.669335
