ListWorksALL: 0:00:32.624601
StAnWorks_install_pvs: 0:00:07.681807
StAnWorks_install_oint: 0:10:30.211843
StAnWorks_install_cppc: 0:00:16.317273
StAnWorks_install_cc: 0:03:27.700026
StAnWorks_install_cq: 0:00:28.904615
StAnWorks_works_pvs_on_Fix: 0:00:00.000011
StAnWorks_works_cq_on_Fix: 4:00:39.774544
StAnWorks_install_pvs: 0:00:20.352596
StAnWorks_install_cq: 0:00:30.627373
StAnWorks_works_pvs_on_m300722p2: 0:00:00.000015
