ListWorksALL: 0:00:14.057497
StAnWorks_install_pvs: 0:00:07.748380
StAnWorks_install_oint: 0:10:20.167010
StAnWorks_install_cppc: 0:03:54.610765
StAnWorks_install_cc: 0:03:36.089866
StAnWorks_install_cq: 0:00:47.318663
