ListWorksALL: 0:01:19.939996
StAnWorks_install_pvs: 0:00:07.479209
StAnWorks_install_oint: 0:11:00.284954
StAnWorks_install_cppc: 0:04:06.542852
StAnWorks_install_cc: 0:03:47.298878
StAnWorks_install_cq: 0:00:26.871521
