ListWorksALL: 0:00:17.924356
StAnWorks_install_pvs: 0:00:08.140261
StAnWorks_install_oint: 0:11:07.416303
StAnWorks_install_cppc: 0:03:50.354776
StAnWorks_install_cc: 0:03:41.819207
StAnWorks_install_cq: 0:00:30.395705
StAnWorks_works_pvs_on_m300722p2: 0:00:00.000010
StAnWorks_works_cq_on_m300722p2: 4:00:30.244647
StAnWorks_install_pvs: 0:00:19.738004
StAnWorks_install_cq: 0:00:28.961085
StAnWorks_works_pvs_on_newDesc230722p1: 0:00:00.000016
