ListWorksALL: 0:01:12.515728
StAnWorks_install_pvs: 0:00:10.554037
StAnWorks_install_oint: 0:12:32.846121
StAnWorks_install_cppc: 0:00:21.371439
StAnWorks_install_cc: 0:04:36.986163
StAnWorks_install_cq: 0:01:18.662943
StAnWorks_install_pvs: 0:00:24.879434
StAnWorks_install_cq: 0:00:58.824253
StAnWorks_works_pvs_on_m300722p2: 0:22:36.708410
