ListWorksALL: 0:00:16.606888
StAnWorks_install_pvs: 0:00:10.279449
StAnWorks_install_oint: 0:12:20.584606
StAnWorks_install_cppc: 0:04:03.815073
StAnWorks_install_cc: 0:03:38.117623
StAnWorks_install_cq: 0:00:31.126774
StAnWorks_works_pvs_on_m140522p9: 4:00:35.456780
