ListWorksALL: 0:00:25.403784
StAnWorks_install_pvs: 0:00:09.934853
StAnWorks_install_oint: 0:13:57.713308
StAnWorks_install_cppc: 0:04:37.128173
StAnWorks_install_cc: 0:04:21.491523
