ListWorksALL: 0:00:07.635729
StAnWorks_install_pvs: 0:00:10.846372
StAnWorks_install_oint: 0:12:43.962239
StAnWorks_install_cppc: 0:00:21.805251
StAnWorks_install_cc: 0:04:46.491687
