ListWorksALL: 0:00:52.992718
StAnWorks_install_pvs: 0:00:07.465194
StAnWorks_install_oint: 0:10:44.565318
StAnWorks_install_cppc: 0:00:16.231253
StAnWorks_install_cc: 0:03:31.894364
StAnWorks_install_cq: 0:00:31.859480
StAnWorks_works_pvs_on_m300722p2: 0:00:00.000011
StAnWorks_works_cq_on_m300722p2: 0:00:00.000011
