ListWorksALL: 0:00:12.234608
StAnWorks_install_pvs: 0:00:08.003950
StAnWorks_install_oint: 0:10:58.999498
StAnWorks_install_cppc: 0:03:57.298435
StAnWorks_install_cc: 0:03:28.740895
StAnWorks_install_cq: 0:00:28.582775
StAnWorks_works_pvs_on_m280422p7: 0:00:00.000015
StAnWorks_works_oint_on_m280422p7: 0:28:19.434693
