ListWorksALL: 0:00:09.831598
StAnWorks_install_pvs: 0:00:11.143747
StAnWorks_install_oint: 0:11:15.620033
StAnWorks_install_cppc: 0:03:42.438424
StAnWorks_install_cc: 0:03:17.378399
