ListWorksALL: 0:00:58.985744
StAnWorks_install_pvs: 0:00:08.321938
StAnWorks_install_oint: 0:10:26.936017
StAnWorks_install_cppc: 0:00:16.349241
StAnWorks_install_cc: 0:03:23.328392
StAnWorks_install_cq: 0:00:30.291871
StAnWorks_install_pvs: 0:00:18.976664
StAnWorks_install_cq: 0:00:30.985574
