ListWorksALL: 0:00:29.216436
StAnWorks_install_pvs: 0:00:07.582908
StAnWorks_install_oint: 0:10:31.715622
StAnWorks_install_cppc: 0:03:33.939703
StAnWorks_install_cc: 0:00:59.931845
StAnWorks_install_cq: 0:00:29.094777
StAnWorks_works_pvs_on_m110622p13: 0:00:00.000011
StAnWorks_works_cq_on_m110622p13: 0:00:00.000009
StAnWorks_works_oint_on_m110622p13: 0:22:34.022300
StAnWorks_works_cc_on_m110622p13: 0:00:00.000013
StAnWorks_works_cppc_on_m110622p13: 4:00:35.260790
StAnWorks_install_pvs: 0:00:37.013590
StAnWorks_install_cq: 0:00:23.682452
StAnWorks_works_pvs_on_m110622p13: 0:03:14.227554
StAnWorks_works_cq_on_m110622p13: 0:32:58.377349
StAnWorks_install_pvs: 0:00:51.516123
StAnWorks_install_cq: 0:00:50.915487
