ListWorksALL: 0:00:28.128974
StAnWorks_install_pvs: 0:00:11.492856
StAnWorks_install_oint: 0:12:35.832601
StAnWorks_install_cppc: 0:04:24.653164
StAnWorks_install_cc: 0:03:56.145326
StAnWorks_install_cq: 0:00:50.553616
StAnWorks_works_pvs_on_m070522p8: 0:17:42.079818
StAnWorks_works_oint_on_m070522p8: 0:11:50.598536
StAnWorks_works_cc_on_m070522p8: 0:00:00.000017
StAnWorks_works_cppc_on_m070522p8: 4:00:31.860227
StAnWorks_install_pvs: 0:00:41.116528
StAnWorks_install_cq: 0:00:32.114739
