ListWorksALL: 0:00:15.424197
StAnWorks_install_pvs: 0:00:10.674404
StAnWorks_install_oint: 0:10:57.582728
StAnWorks_install_cppc: 0:03:52.431802
StAnWorks_install_cc: 0:03:28.648111
StAnWorks_install_cq: 0:00:52.238636
StAnWorks_works_pvs_on_m140422p5: 0:59:40.670053
StAnWorks_works_oint_on_m140422p5: 0:29:33.023308
StAnWorks_works_cc_on_m140422p5: 0:36:52.685660
