ListWorksALL: 0:00:16.138718
StAnWorks_install_pvs: 0:00:07.571388
StAnWorks_install_oint: 0:10:03.711072
StAnWorks_install_cppc: 0:03:42.929728
StAnWorks_install_cc: 0:03:27.388312
StAnWorks_install_cq: 0:00:29.189586
