ListWorksALL: 0:00:12.228535
StAnWorks_install_pvs: 0:00:23.334565
StAnWorks_install_cq: 0:00:34.467368
