ListWorksALL: 0:00:05.708096
StAnWorks_install_pvs: 0:00:10.109558
StAnWorks_install_oint: 0:14:05.338777
StAnWorks_install_cppc: 0:04:47.833177
StAnWorks_install_cc: 0:04:25.673927
StAnWorks_install_cq: 0:00:37.777052
StAnWorks_works_pvs_on_m120422p3: 0:00:00.000020
StAnWorks_works_oint_on_m120422p3: 1:39:49.927702
