ListWorksALL: 0:00:09.684037
StAnWorks_install_pvs: 0:00:07.995078
StAnWorks_install_oint: 0:10:51.157294
StAnWorks_install_cppc: 0:03:51.668323
StAnWorks_install_cc: 0:03:48.037044
StAnWorks_install_cq: 0:00:29.502327
StAnWorks_works_pvs_on_m060822p3: 0:00:00.000013
StAnWorks_works_cq_on_m060822p3: 0:00:00.000014
StAnWorks_works_oint_on_m060822p3: 0:42:15.421792
