ListWorksALL: 0:00:04.487003
StAnWorks_install_pvs: 0:00:07.216933
StAnWorks_install_oint: 0:10:17.591988
StAnWorks_install_cppc: 0:03:41.790029
StAnWorks_install_cc: 0:00:57.792342
