ListWorksALL: 0:00:40.229538
StAnWorks_install_pvs: 0:00:07.799673
StAnWorks_install_oint: 0:14:52.152797
StAnWorks_install_cppc: 0:03:39.766732
StAnWorks_install_cc: 0:03:57.501622
StAnWorks_install_cq: 0:00:43.262261
StAnWorks_works_pvs_on_Fix: 0:00:00.000018
StAnWorks_works_cq_on_Fix: 4:00:47.366368
StAnWorks_install_pvs: 0:00:23.585826
StAnWorks_install_cq: 0:00:32.077384
StAnWorks_works_pvs_on_m060822p3: 0:00:00.000021
