ListWorksALL: 0:00:00.299920
StAnWorks_install_pvs: 0:00:08.170616
StAnWorks_install_oint: 0:12:16.458073
StAnWorks_install_cppc: 0:04:31.877709
StAnWorks_install_cc: 0:03:40.978786
StAnWorks_install_cq: 0:00:24.795342
StAnWorks_works_pvs_on_oldyml1: 0:10:22.935837
