ListWorksALL: 0:00:17.924356
StAnWorks_install_pvs: 0:00:08.140261
StAnWorks_install_oint: 0:11:07.416303
StAnWorks_install_cppc: 0:03:50.354776
StAnWorks_install_cc: 0:03:41.819207
StAnWorks_install_cq: 0:00:30.395705
