ListWorksALL: 0:00:19.204722
StAnWorks_install_pvs: 0:00:09.855451
StAnWorks_install_oint: 0:10:32.003994
StAnWorks_install_cppc: 0:00:21.031219
StAnWorks_install_cc: 0:04:09.730361
StAnWorks_install_cq: 0:00:39.623693
