ListWorksALL: 0:00:15.314345
StAnWorks_install_pvs: 0:00:08.719858
StAnWorks_install_oint: 0:13:16.445458
StAnWorks_install_cppc: 0:04:33.338800
StAnWorks_install_cc: 0:04:22.778011
StAnWorks_install_cq: 0:00:27.965863
