ListWorksALL: 0:00:14.822443
StAnWorks_install_pvs: 0:00:08.586353
StAnWorks_install_oint: 0:10:38.560015
StAnWorks_install_cppc: 0:03:55.074191
StAnWorks_install_cc: 0:03:43.685440
StAnWorks_install_cq: 0:00:26.919770
