ListWorksALL: 0:00:01.711370
StAnWorks_install_pvs: 0:00:10.338560
StAnWorks_install_oint: 0:14:39.288205
StAnWorks_install_cppc: 0:05:01.924786
StAnWorks_install_cc: 0:04:44.733179
StAnWorks_install_cq: 0:00:33.335171
