ListWorksALL: 0:00:41.487906
StAnWorks_install_pvs: 0:00:08.555509
StAnWorks_install_oint: 0:10:41.588181
StAnWorks_install_cppc: 0:03:50.886331
StAnWorks_install_cc: 0:03:33.558092
StAnWorks_install_cq: 0:00:30.125218
StAnWorks_works_pvs_on_m060822p3: 0:00:00.000016
StAnWorks_works_cq_on_m060822p3: 0:00:00.000014
StAnWorks_works_oint_on_m060822p3: 1:20:11.111724
