ListWorksALL: 0:00:41.046370
StAnWorks_install_pvs: 0:00:08.445817
StAnWorks_install_oint: 0:10:43.269121
StAnWorks_install_cppc: 0:03:43.877518
StAnWorks_install_cc: 0:03:18.142467
StAnWorks_install_cq: 0:00:30.261335
StAnWorks_works_pvs_on_m200522p10: 0:00:00.000012
StAnWorks_works_cq_on_m200522p10: 4:00:58.028500
StAnWorks_install_pvs: 0:00:21.772685
StAnWorks_install_cq: 0:00:24.272988
