ListWorksALL: 0:00:11.148362
StAnWorks_install_pvs: 0:00:07.980509
StAnWorks_install_oint: 0:10:24.220889
StAnWorks_install_cppc: 0:03:39.774721
StAnWorks_install_cc: 0:03:14.826624
StAnWorks_install_cq: 0:01:07.502596
StAnWorks_install_pvs: 0:00:18.936438
StAnWorks_install_cq: 0:00:38.965770
StAnWorks_install_pvs: 0:00:43.621338
StAnWorks_install_cq: 0:01:08.113688
