ListWorksALL: 0:00:07.843166
StAnWorks_install_pvs: 0:00:08.742556
StAnWorks_install_oint: 0:10:40.534952
StAnWorks_install_cppc: 0:03:49.944553
StAnWorks_install_cc: 0:03:25.474096
