ListWorksALL: 0:01:09.974127
StAnWorks_install_pvs: 0:00:07.791123
StAnWorks_install_oint: 0:10:32.180907
StAnWorks_install_cppc: 0:03:55.310059
StAnWorks_install_cc: 0:03:35.490162
StAnWorks_install_cq: 0:00:28.777532
StAnWorks_works_pvs_on_Fix: 4:01:17.980399
StAnWorks_install_pvs: 0:00:41.245977
StAnWorks_install_cq: 0:00:30.654360
StAnWorks_works_pvs_on_m120822p4: 4:02:10.764981
StAnWorks_install_pvs: 0:00:45.725596
StAnWorks_install_cq: 0:01:04.564029
