ListWorksALL: 0:00:38.039707
StAnWorks_install_pvs: 0:00:07.845523
StAnWorks_install_oint: 0:09:58.681546
StAnWorks_install_cppc: 0:03:40.174039
StAnWorks_install_cc: 0:03:21.014332
