ListWorksALL: 0:00:19.873304
StAnWorks_install_pvs: 0:00:09.528336
StAnWorks_install_oint: 0:11:59.389502
StAnWorks_install_cppc: 0:04:14.336510
StAnWorks_install_cc: 0:03:41.486898
StAnWorks_install_cq: 0:00:27.725004
StAnWorks_works_pvs_on_m030622p12: 4:00:20.640072
StAnWorks_works_cq_on_m030622p12: 0:28:48.937891
StAnWorks_install_pvs: 0:00:19.733874
StAnWorks_install_cq: 0:00:25.416491
StAnWorks_install_pvs: 0:00:43.670309
StAnWorks_install_cq: 0:00:28.678565
