ListWorksALL: 0:00:38.228977
StAnWorks_install_pvs: 0:00:08.051598
StAnWorks_install_oint: 0:10:55.108606
StAnWorks_install_cppc: 0:00:18.437298
StAnWorks_install_cc: 0:03:22.720716
