ListWorksALL: 0:00:11.740314
StAnWorks_install_pvs: 0:00:07.988308
StAnWorks_install_oint: 0:10:57.737921
StAnWorks_install_cppc: 0:03:55.428190
StAnWorks_install_cc: 0:03:30.931094
