ListWorksALL: 0:00:09.981401
StAnWorks_install_pvs: 0:00:07.408892
StAnWorks_install_oint: 0:10:26.525265
StAnWorks_install_cppc: 0:03:44.385412
StAnWorks_install_cc: 0:03:34.032509
StAnWorks_install_cq: 0:00:27.951160
StAnWorks_install_pvs: 0:00:25.831704
StAnWorks_install_cq: 0:00:50.426359
StAnWorks_install_pvs: 0:00:45.664361
StAnWorks_install_cq: 0:00:42.508898
