ListWorksALL: 0:00:12.041270
StAnWorks_install_pvs: 0:00:12.246617
StAnWorks_install_oint: 0:15:11.096947
StAnWorks_install_cppc: 0:03:48.663447
StAnWorks_install_cc: 0:03:55.453315
