ListWorksALL: 0:00:02.577387
StAnWorks_install_pvs: 0:00:07.538929
StAnWorks_install_oint: 0:09:03.210763
StAnWorks_install_cppc: 0:00:17.250454
StAnWorks_install_cc: 0:03:29.795655
StAnWorks_install_cq: 0:00:32.318441
