ListWorksALL: 0:00:53.263627
StAnWorks_install_pvs: 0:00:08.856110
StAnWorks_install_oint: 0:10:36.429284
StAnWorks_install_cppc: 0:00:16.986253
StAnWorks_install_cc: 0:03:31.822821
