ListWorksALL: 0:00:37.904499
StAnWorks_install_pvs: 0:00:10.121006
StAnWorks_install_oint: 0:14:41.348219
StAnWorks_install_cppc: 0:00:21.534806
StAnWorks_install_cc: 0:04:41.923401
StAnWorks_install_cq: 0:00:55.461892
