ListWorksALL: 0:01:13.152016
StAnWorks_install_pvs: 0:00:08.210736
StAnWorks_install_oint: 0:10:35.597179
StAnWorks_install_cppc: 0:00:16.261761
StAnWorks_install_cc: 0:03:28.944996
StAnWorks_install_cq: 0:00:33.093550
StAnWorks_works_pvs_on_newDesc230722p1: 0:00:00.000011
StAnWorks_works_cq_on_newDesc230722p1: 0:00:00.000012
StAnWorks_works_oint_on_newDesc230722p1: 0:01:42.661604
StAnWorks_works_cc_on_newDesc230722p1: 1:16:42.016039
StAnWorks_works_cppc_on_newDesc230722p1: 0:05:34.503237
StAnWorks_install_pvs: 0:00:39.990720
StAnWorks_install_cq: 0:00:29.802020
StAnWorks_works_pvs_on_m060822p3: 3:59:14.031618
