ListWorksALL: 0:00:34.013571
StAnWorks_install_pvs: 0:00:07.942999
StAnWorks_install_oint: 0:11:10.103655
StAnWorks_install_cppc: 0:00:16.455403
StAnWorks_install_cc: 0:03:34.527964
