ListWorksALL: 0:00:22.786746
StAnWorks_install_pvs: 0:00:10.501660
StAnWorks_install_oint: 0:14:14.758089
StAnWorks_install_cppc: 0:04:38.725015
StAnWorks_install_cc: 0:04:28.468411
StAnWorks_install_cq: 0:00:58.216131
