ListWorksALL: 0:00:22.627646
StAnWorks_install_pvs: 0:00:08.867548
StAnWorks_install_oint: 0:11:42.167493
StAnWorks_install_cppc: 0:03:58.332943
StAnWorks_install_cc: 0:03:42.813102
