ListWorksALL: 0:00:50.175800
StAnWorks_install_pvs: 0:00:09.064807
StAnWorks_install_oint: 0:12:44.660319
StAnWorks_install_cppc: 0:00:15.402661
StAnWorks_install_cc: 0:03:52.351653
StAnWorks_install_cq: 0:01:05.043673
