ListWorksALL: 0:00:47.740503
StAnWorks_install_pvs: 0:00:09.512441
StAnWorks_install_oint: 0:12:58.187301
StAnWorks_install_cppc: 0:00:20.089561
StAnWorks_install_cc: 0:04:06.946668
StAnWorks_install_cq: 0:00:52.053360
StAnWorks_works_pvs_on_Fix: 4:00:56.145596
