ListWorksALL: 0:00:17.599822
StAnWorks_install_pvs: 0:00:10.452750
StAnWorks_install_oint: 0:12:16.162235
StAnWorks_install_cppc: 0:04:22.549461
StAnWorks_install_cc: 0:03:48.519918
StAnWorks_install_cq: 0:00:25.318270
StAnWorks_works_pvs_on_m140422p5: 0:00:00.000013
StAnWorks_works_oint_on_m140422p5: 0:51:39.363950
StAnWorks_works_cc_on_m140422p5: 0:00:00.000020
