ListWorksALL: 0:01:13.152016
StAnWorks_install_pvs: 0:00:08.210736
StAnWorks_install_oint: 0:10:35.597179
StAnWorks_install_cppc: 0:00:16.261761
StAnWorks_install_cc: 0:03:28.944996
