ListWorksALL: 0:00:56.642199
StAnWorks_install_pvs: 0:00:07.705623
StAnWorks_install_oint: 0:10:38.993734
StAnWorks_install_cppc: 0:00:16.564634
StAnWorks_install_cc: 0:03:38.234853
StAnWorks_install_cq: 0:00:32.049415
