ListWorksALL: 0:00:38.184125
StAnWorks_install_pvs: 0:00:07.538927
StAnWorks_install_oint: 0:10:42.490832
StAnWorks_install_cppc: 0:03:40.518313
StAnWorks_install_cc: 0:03:23.999838
StAnWorks_install_cq: 0:00:33.710900
StAnWorks_works_pvs_on_Fix: 0:00:00.000011
StAnWorks_works_cq_on_Fix: 4:00:47.769688
StAnWorks_install_pvs: 0:00:22.547639
StAnWorks_install_cq: 0:00:34.582403
StAnWorks_install_pvs: 0:00:34.387239
StAnWorks_install_cq: 0:00:29.989226
