ListWorksALL: 0:00:14.372029
StAnWorks_install_pvs: 0:00:09.213278
StAnWorks_install_oint: 0:12:50.524432
StAnWorks_install_cppc: 0:04:36.941568
StAnWorks_install_cc: 0:04:02.150199
StAnWorks_install_cq: 0:00:27.878032
