ListWorksALL: 0:00:59.393661
StAnWorks_install_pvs: 0:00:07.784464
StAnWorks_install_oint: 0:10:32.123650
StAnWorks_install_cppc: 0:00:16.719197
StAnWorks_install_cc: 0:03:41.784574
