ListWorksALL: 0:00:20.985659
StAnWorks_install_pvs: 0:00:10.700012
StAnWorks_install_oint: 0:09:54.863611
StAnWorks_install_cppc: 0:00:20.045173
StAnWorks_install_cc: 0:03:47.002748
StAnWorks_install_cq: 0:01:23.217772
StAnWorks_install_pvs: 0:00:24.439470
StAnWorks_install_cq: 0:00:33.278728
