ListWorksALL: 0:00:35.723510
StAnWorks_install_pvs: 0:00:07.936949
StAnWorks_install_oint: 0:14:13.566463
StAnWorks_install_cppc: 0:03:26.731988
StAnWorks_install_cc: 0:01:23.450914
StAnWorks_install_cq: 0:00:37.210495
StAnWorks_works_pvs_on_m110622p13: 2:21:49.621259
StAnWorks_works_cq_on_m110622p13: 1:15:50.571939
