ListWorksALL: 0:00:43.666859
StAnWorks_install_pvs: 0:00:08.028869
StAnWorks_install_oint: 0:10:50.379629
StAnWorks_install_cppc: 0:00:16.987311
StAnWorks_install_cc: 0:03:36.064164
StAnWorks_install_cq: 0:00:30.343545
StAnWorks_works_pvs_on_m300722p2: 0:00:00.000014
