ListWorksALL: 0:00:20.640408
StAnWorks_install_pvs: 0:00:09.245155
StAnWorks_install_oint: 0:12:17.482805
StAnWorks_install_cppc: 0:04:25.334672
StAnWorks_install_cc: 0:01:10.061808
StAnWorks_install_cq: 0:00:27.203908
