ListWorksALL: 0:00:28.299083
StAnWorks_install_pvs: 0:00:08.862871
StAnWorks_install_oint: 0:13:14.042673
StAnWorks_install_cppc: 0:04:46.552824
StAnWorks_install_cc: 0:04:36.728963
StAnWorks_install_cq: 0:00:53.463608
