ListWorksALL: 0:00:39.856205
StAnWorks_install_pvs: 0:00:09.358520
StAnWorks_install_oint: 0:14:40.350046
StAnWorks_install_cppc: 0:00:20.871069
StAnWorks_install_cc: 0:04:28.777514
StAnWorks_install_cq: 0:01:21.270855
StAnWorks_works_pvs_on_m120822p4: 0:00:00.000016
StAnWorks_works_cq_on_m120822p4: 0:00:00.000013
