ListWorksALL: 0:00:57.661094
StAnWorks_install_pvs: 0:00:07.547496
StAnWorks_install_oint: 0:09:59.054782
StAnWorks_install_cppc: 0:00:17.849634
StAnWorks_install_cc: 0:03:15.815495
