ListWorksALL: 0:00:32.059054
StAnWorks_install_pvs: 0:00:15.206972
StAnWorks_install_oint: 0:14:54.248246
StAnWorks_install_cppc: 0:04:47.760052
StAnWorks_install_cc: 0:04:29.283279
StAnWorks_install_cq: 0:00:44.250117
StAnWorks_works_pvs_on_m070522p8: 0:00:00.000017
StAnWorks_works_oint_on_m070522p8: 0:14:52.823269
StAnWorks_works_cc_on_m070522p8: 0:00:00.000015
StAnWorks_works_cppc_on_m070522p8: 0:00:35.893322
