ListWorksALL: 0:00:37.857024
StAnWorks_install_pvs: 0:00:10.245801
StAnWorks_install_oint: 0:13:11.090898
StAnWorks_install_cppc: 0:04:30.522304
StAnWorks_install_cc: 0:03:53.006524
StAnWorks_install_cq: 0:00:42.096222
