ListWorksALL: 0:00:19.048088
StAnWorks_install_pvs: 0:00:09.893166
StAnWorks_install_oint: 0:14:55.374442
StAnWorks_install_cppc: 0:04:54.259125
StAnWorks_install_cc: 0:04:56.566201
StAnWorks_install_cq: 0:01:16.633287
StAnWorks_works_pvs_on_newDesc230722p1: 0:00:00.000018
