ListWorksALL: 0:00:31.621395
StAnWorks_install_pvs: 0:00:07.676318
StAnWorks_install_oint: 0:10:30.774613
StAnWorks_install_cppc: 0:03:53.638267
StAnWorks_install_cc: 0:03:42.924336
StAnWorks_install_cq: 0:00:27.914549
StAnWorks_works_pvs_on_Fix: 4:00:41.438994
