ListWorksALL: 0:01:02.769330
StAnWorks_install_pvs: 0:00:10.617463
StAnWorks_install_oint: 0:14:20.811662
StAnWorks_install_cppc: 0:00:20.949264
StAnWorks_install_cc: 0:04:28.236336
