ListWorksALL: 0:00:12.021259
StAnWorks_install_pvs: 0:00:07.839356
StAnWorks_install_oint: 0:10:45.202530
StAnWorks_install_cppc: 0:03:50.809163
StAnWorks_install_cc: 0:03:37.555801
StAnWorks_install_cq: 0:00:25.165548
StAnWorks_works_pvs_on_m280422p7: 0:00:00.000012
StAnWorks_works_oint_on_m280422p7: 0:26:50.227315
