ListWorksALL: 0:00:27.037567
StAnWorks_install_pvs: 0:00:08.553242
StAnWorks_install_oint: 0:08:55.160485
StAnWorks_install_cppc: 0:00:16.678712
StAnWorks_install_cc: 0:03:39.776354
