ListWorksALL: 0:00:15.611280
StAnWorks_install_pvs: 0:00:07.976324
StAnWorks_install_oint: 0:10:43.233219
StAnWorks_install_cppc: 0:03:50.285820
StAnWorks_install_cc: 0:03:30.501703
