ListWorksALL: 0:01:10.870451
StAnWorks_install_pvs: 0:00:12.812280
StAnWorks_install_oint: 0:12:25.588418
StAnWorks_install_cppc: 0:00:19.197236
StAnWorks_install_cc: 0:04:08.563659
StAnWorks_install_cq: 0:00:34.297877
StAnWorks_works_pvs_on_Fix: 4:01:21.391960
