ListWorksALL: 0:00:09.131682
StAnWorks_install_pvs: 0:00:08.221155
StAnWorks_install_oint: 0:10:48.043551
StAnWorks_install_cppc: 0:03:52.613844
StAnWorks_install_cc: 0:03:27.379030
