ListWorksALL: 0:00:44.427052
StAnWorks_install_pvs: 0:00:07.894573
StAnWorks_install_oint: 0:10:35.934757
StAnWorks_install_cppc: 0:00:16.828938
StAnWorks_install_cc: 0:03:28.405029
StAnWorks_install_cq: 0:00:27.464770
StAnWorks_works_pvs_on_Fix: 0:00:00.000013
StAnWorks_works_cq_on_Fix: 4:00:52.615269
StAnWorks_install_pvs: 0:00:39.595729
StAnWorks_install_cq: 0:00:32.100378
