ListWorksALL: 0:01:03.682022
StAnWorks_install_pvs: 0:00:08.377725
StAnWorks_install_oint: 0:10:05.219336
StAnWorks_install_cppc: 0:00:17.676418
StAnWorks_install_cc: 0:03:19.739655
