ListWorksALL: 0:01:02.453520
StAnWorks_install_pvs: 0:00:11.726701
StAnWorks_install_oint: 0:14:27.092634
StAnWorks_install_cppc: 0:00:22.839074
StAnWorks_install_cc: 0:04:36.406489
StAnWorks_install_cq: 0:01:16.716315
