ListWorksALL: 0:00:09.684037
StAnWorks_install_pvs: 0:00:07.995078
StAnWorks_install_oint: 0:10:51.157294
StAnWorks_install_cppc: 0:03:51.668323
StAnWorks_install_cc: 0:03:48.037044
