ListWorksALL: 0:00:39.856205
StAnWorks_install_pvs: 0:00:09.358520
StAnWorks_install_oint: 0:14:40.350046
StAnWorks_install_cppc: 0:00:20.871069
StAnWorks_install_cc: 0:04:28.777514
