ListWorksALL: 0:00:38.650992
StAnWorks_install_pvs: 0:00:08.753073
StAnWorks_install_oint: 0:13:06.200963
StAnWorks_install_cppc: 0:00:20.251448
StAnWorks_install_cc: 0:04:03.713879
StAnWorks_install_cq: 0:00:33.658193
StAnWorks_works_pvs_on_m300722p2: 0:00:00.000014
StAnWorks_works_cq_on_m300722p2: 4:00:47.939139
StAnWorks_install_pvs: 0:00:25.396807
StAnWorks_install_cq: 0:00:45.124422
StAnWorks_works_pvs_on_m200822p5: 0:00:00.000019
StAnWorks_works_cq_on_m200822p5: 4:01:08.913351
