ListWorksALL: 0:01:04.497779
StAnWorks_install_pvs: 0:00:11.079043
StAnWorks_install_oint: 0:12:54.736845
StAnWorks_install_cppc: 0:00:21.725000
StAnWorks_install_cc: 0:04:14.411864
StAnWorks_install_cq: 0:01:05.524031
