ListWorksALL: 0:01:10.086284
StAnWorks_install_pvs: 0:00:11.542311
StAnWorks_install_oint: 0:15:29.326556
StAnWorks_install_cppc: 0:00:19.884382
StAnWorks_install_cc: 0:04:52.508182
StAnWorks_install_cq: 0:01:31.664454
StAnWorks_works_pvs_on_m060822p3: 0:00:00.000414
StAnWorks_works_cq_on_m060822p3: 0:00:00.000019
StAnWorks_works_oint_on_m060822p3: 1:36:27.849434
