ListWorksALL: 0:00:28.128974
StAnWorks_install_pvs: 0:00:11.492856
StAnWorks_install_oint: 0:12:35.832601
StAnWorks_install_cppc: 0:04:24.653164
StAnWorks_install_cc: 0:03:56.145326
