ListWorksALL: 0:00:52.885784
StAnWorks_install_pvs: 0:00:08.932279
StAnWorks_install_oint: 0:14:01.770647
StAnWorks_install_cppc: 0:00:19.488362
StAnWorks_install_cc: 0:04:12.369670
StAnWorks_install_cq: 0:00:48.733614
