ListWorksALL: 0:00:01.738668
StAnWorks_install_pvs: 0:00:08.819926
StAnWorks_install_oint: 0:13:10.193139
StAnWorks_install_cppc: 0:04:26.015247
StAnWorks_install_cc: 0:04:02.016987
StAnWorks_install_cq: 0:00:45.370288
StAnWorks_works_pvs_on_oldyml1: 0:00:00.000016
