ListWorksALL: 0:00:17.381727
StAnWorks_install_pvs: 0:00:09.118146
StAnWorks_install_oint: 0:11:07.930891
StAnWorks_install_cppc: 0:03:57.867986
StAnWorks_install_cc: 0:03:33.043875
