ListWorksALL: 0:00:32.641107
StAnWorks_install_pvs: 0:00:08.596680
StAnWorks_install_oint: 0:10:22.160701
StAnWorks_install_cppc: 0:00:19.236728
StAnWorks_install_cc: 0:04:36.104814
StAnWorks_install_cq: 0:00:32.546095
StAnWorks_works_pvs_on_Fix: 0:00:00.000011
StAnWorks_works_cq_on_Fix: 0:00:00.000011
StAnWorks_works_oint_on_Fix: 2:43:43.694764
