ListWorksALL: 0:00:15.698508
StAnWorks_install_pvs: 0:00:09.205457
StAnWorks_install_oint: 0:12:56.705632
StAnWorks_install_cppc: 0:04:28.754548
StAnWorks_install_cc: 0:03:57.650076
