ListWorksALL: 0:00:20.640408
StAnWorks_install_pvs: 0:00:09.245155
StAnWorks_install_oint: 0:12:17.482805
StAnWorks_install_cppc: 0:04:25.334672
StAnWorks_install_cc: 0:01:10.061808
StAnWorks_install_cq: 0:00:27.203908
StAnWorks_works_pvs_on_m030622p12: 0:00:00.000012
StAnWorks_works_cq_on_m030622p12: 0:00:00.000020
StAnWorks_works_oint_on_m030622p12: 0:24:58.457054
StAnWorks_works_cc_on_m030622p12: 0:00:00.000014
StAnWorks_works_cppc_on_m030622p12: 4:00:25.121725
StAnWorks_install_pvs: 0:00:24.168445
StAnWorks_install_cq: 0:00:28.416804
