ListWorksALL: 0:01:04.426791
StAnWorks_install_pvs: 0:00:08.553907
StAnWorks_install_oint: 0:08:57.508946
StAnWorks_install_cppc: 0:00:18.954788
StAnWorks_install_cc: 0:03:20.792140
