ListWorksALL: 0:00:12.957745
StAnWorks_install_pvs: 0:00:08.701040
StAnWorks_install_oint: 0:10:35.651726
StAnWorks_install_cppc: 0:03:44.655056
StAnWorks_install_cc: 0:03:18.998871
