ListWorksALL: 0:00:00.859627
StAnWorks_install_pvs: 0:00:07.958689
StAnWorks_install_oint: 0:11:57.073989
StAnWorks_install_cppc: 0:04:28.872792
StAnWorks_install_cc: 0:03:39.787651
StAnWorks_install_cq: 0:00:25.669404
StAnWorks_works_pvs_on_oldyml1: 0:10:16.290662
StAnWorks_works_oint_on_oldyml1: 0:05:52.731291
