ListWorksALL: 0:00:20.244426
StAnWorks_install_pvs: 0:00:08.443982
StAnWorks_install_oint: 0:10:51.489348
StAnWorks_install_cppc: 0:03:41.467084
StAnWorks_install_cc: 0:03:15.016541
StAnWorks_install_cq: 0:00:25.580900
StAnWorks_works_pvs_on_m200522p10: 4:00:34.072704
StAnWorks_install_pvs: 0:00:22.557891
StAnWorks_install_cq: 0:00:42.968929
