ListWorksALL: 0:00:22.969374
StAnWorks_install_pvs: 0:00:07.337372
StAnWorks_install_oint: 0:10:28.815796
StAnWorks_install_cppc: 0:03:42.487338
StAnWorks_install_cc: 0:03:29.049064
StAnWorks_install_cq: 0:00:37.834809
