ListWorksALL: 0:01:59.623391
StAnWorks_install_pvs: 0:00:12.680815
StAnWorks_install_oint: 0:14:40.191091
StAnWorks_install_cppc: 0:04:44.061406
StAnWorks_install_cc: 0:04:47.530827
