ListWorksALL: 0:00:19.654811
StAnWorks_install_pvs: 0:00:09.909823
StAnWorks_install_oint: 0:11:13.084557
StAnWorks_install_cppc: 0:03:49.941961
StAnWorks_install_cc: 0:03:24.564791
StAnWorks_install_cq: 0:00:30.776632
