ListWorksALL: 0:00:41.319705
StAnWorks_install_pvs: 0:00:10.638638
StAnWorks_install_oint: 0:16:27.827954
StAnWorks_install_cppc: 0:00:26.478174
StAnWorks_install_cc: 0:05:04.028288
