ListWorksALL: 0:00:00.915133
StAnWorks_install_pvs: 0:00:08.701280
StAnWorks_install_oint: 0:12:22.976270
StAnWorks_install_cppc: 0:04:36.242886
StAnWorks_install_cc: 0:03:51.808351
StAnWorks_install_cq: 0:00:26.784736
StAnWorks_works_pvs_on_oldyml1: 0:10:53.600048
StAnWorks_works_oint_on_oldyml1: 0:06:11.617318
StAnWorks_works_cc_on_oldyml1: 0:13:24.351779
StAnWorks_works_cppc_on_oldyml1: 4:00:02.857160
