ListWorksALL: 0:00:20.784284
StAnWorks_install_pvs: 0:00:12.222935
StAnWorks_install_oint: 0:14:44.199032
StAnWorks_install_cppc: 0:04:54.057490
StAnWorks_install_cc: 0:04:41.139109
StAnWorks_install_cq: 0:01:45.806875
StAnWorks_works_pvs_on_m070522p8: 0:00:00.000016
StAnWorks_works_oint_on_m070522p8: 0:14:14.929086
