ListWorksALL: 0:01:21.710116
StAnWorks_install_pvs: 0:00:07.900312
StAnWorks_install_oint: 0:10:48.700493
StAnWorks_install_cppc: 0:04:04.514410
StAnWorks_install_cc: 0:03:43.722995
