ListWorksALL: 0:00:08.427233
StAnWorks_install_pvs: 0:00:07.684630
StAnWorks_install_oint: 0:10:23.494921
StAnWorks_install_cppc: 0:03:46.374330
StAnWorks_install_cc: 0:03:24.764660
StAnWorks_install_cq: 0:00:25.226636
StAnWorks_works_pvs_on_m180622p14: 4:00:15.885505
StAnWorks_install_pvs: 0:00:20.517613
StAnWorks_install_cq: 0:00:26.160477
StAnWorks_install_pvs: 0:00:38.764845
StAnWorks_install_cq: 0:00:33.765315
