ListWorksALL: 0:01:07.125623
StAnWorks_install_pvs: 0:00:09.601624
StAnWorks_install_oint: 0:13:15.143765
StAnWorks_install_cppc: 0:00:22.743528
StAnWorks_install_cc: 0:04:06.606925
StAnWorks_install_cq: 0:01:05.106753
StAnWorks_works_pvs_on_m300722p2: 4:01:20.254995
