ListWorksALL: 0:00:15.362838
StAnWorks_install_pvs: 0:00:10.286978
StAnWorks_install_oint: 0:15:03.747958
StAnWorks_install_cppc: 0:05:18.670953
StAnWorks_install_cc: 0:04:56.341214
StAnWorks_install_cq: 0:00:57.277614
StAnWorks_works_pvs_on_Fix: 0:00:00.000017
StAnWorks_works_cq_on_Fix: 0:00:00.000018
