ListWorksALL: 0:00:12.041270
StAnWorks_install_pvs: 0:00:12.246617
StAnWorks_install_oint: 0:15:11.096947
StAnWorks_install_cppc: 0:03:48.663447
StAnWorks_install_cc: 0:03:55.453315
StAnWorks_install_cq: 0:01:02.101047
StAnWorks_works_pvs_on_m060822p3: 0:00:00.000013
StAnWorks_works_cq_on_m060822p3: 0:00:00.000015
StAnWorks_install_pvs: 0:00:27.765893
StAnWorks_install_cq: 0:01:18.630840
