ListWorksALL: 0:00:00.956558
StAnWorks_install_pvs: 0:00:08.275306
StAnWorks_install_oint: 0:12:07.966922
StAnWorks_install_cppc: 0:04:34.168032
StAnWorks_install_cc: 0:03:45.604300
StAnWorks_install_cq: 0:00:25.442453
