ListWorksALL: 0:00:10.994176
StAnWorks_install_pvs: 0:00:07.461862
StAnWorks_install_oint: 0:10:56.065968
StAnWorks_install_cppc: 0:03:33.516513
StAnWorks_install_cc: 0:03:29.811303
StAnWorks_install_cq: 0:00:49.778600
StAnWorks_works_pvs_on_Fix: 0:20:17.693904
StAnWorks_works_cq_on_Fix: 0:34:44.928878
StAnWorks_install_pvs: 0:00:40.336206
StAnWorks_install_cq: 0:00:28.249318
StAnWorks_works_pvs_on_m080722p17: 0:00:11.950109
