ListWorksALL: 0:00:42.202955
StAnWorks_install_pvs: 0:00:08.409739
StAnWorks_install_oint: 0:12:39.324599
StAnWorks_install_cppc: 0:04:40.935580
StAnWorks_install_cc: 0:04:16.142072
