ListWorksALL: 0:00:49.321504
StAnWorks_install_pvs: 0:00:08.054742
StAnWorks_install_oint: 0:10:35.249459
StAnWorks_install_cppc: 0:00:16.488348
StAnWorks_install_cc: 0:03:28.166819
StAnWorks_install_cq: 0:00:32.163859
