ListWorksALL: 0:01:19.939996
StAnWorks_install_pvs: 0:00:07.479209
StAnWorks_install_oint: 0:11:00.284954
StAnWorks_install_cppc: 0:04:06.542852
StAnWorks_install_cc: 0:03:47.298878
StAnWorks_install_cq: 0:00:26.871521
StAnWorks_works_pvs_on_m300722p2: 0:00:00.000016
StAnWorks_works_cq_on_m300722p2: 4:01:36.210802
StAnWorks_install_pvs: 0:00:19.916270
StAnWorks_install_cq: 0:00:29.891687
StAnWorks_works_pvs_on_m300722p2: 0:00:00.000016
StAnWorks_works_cq_on_m300722p2: 4:01:35.482798
