ListWorksALL: 0:01:02.769330
StAnWorks_install_pvs: 0:00:10.617463
StAnWorks_install_oint: 0:14:20.811662
StAnWorks_install_cppc: 0:00:20.949264
StAnWorks_install_cc: 0:04:28.236336
StAnWorks_install_cq: 0:01:09.122243
StAnWorks_works_pvs_on_Fix: 0:00:00.000014
