ListWorksALL: 0:00:17.119675
StAnWorks_install_pvs: 0:00:09.871366
StAnWorks_install_oint: 0:12:48.025864
StAnWorks_install_cppc: 0:04:44.647211
StAnWorks_install_cc: 0:04:27.357113
