ListWorksALL: 0:00:41.046370
StAnWorks_install_pvs: 0:00:08.445817
StAnWorks_install_oint: 0:10:43.269121
StAnWorks_install_cppc: 0:03:43.877518
StAnWorks_install_cc: 0:03:18.142467
StAnWorks_install_cq: 0:00:30.261335
