ListWorksALL: 0:00:37.502743
StAnWorks_install_pvs: 0:00:08.028153
StAnWorks_install_oint: 0:10:55.070965
StAnWorks_install_cppc: 0:00:17.761954
StAnWorks_install_cc: 0:03:35.265467
StAnWorks_install_cq: 0:00:28.491329
