ListWorksALL: 0:01:03.752965
StAnWorks_install_pvs: 0:00:08.851363
StAnWorks_install_oint: 0:10:12.791642
StAnWorks_install_cppc: 0:00:18.001364
StAnWorks_install_cc: 0:03:16.668186
StAnWorks_install_cq: 0:00:57.355448
StAnWorks_install_pvs: 0:00:22.462984
StAnWorks_install_cq: 0:00:33.461000
