ListWorksALL: 0:01:13.269274
StAnWorks_install_pvs: 0:00:08.498028
StAnWorks_install_oint: 0:10:26.868015
StAnWorks_install_cppc: 0:03:47.948774
StAnWorks_install_cc: 0:03:33.506112
StAnWorks_install_cq: 0:01:09.979527
StAnWorks_works_pvs_on_Fix: 0:00:00.000011
StAnWorks_works_cq_on_Fix: 0:00:00.000011
StAnWorks_works_oint_on_Fix: 2:48:13.478326
StAnWorks_install_pvs: 0:00:19.049063
StAnWorks_install_cq: 0:00:28.302928
StAnWorks_install_pvs: 0:00:36.619100
StAnWorks_install_cq: 0:00:40.771418
