ListWorksALL: 0:00:14.752602
StAnWorks_install_pvs: 0:00:11.451236
StAnWorks_install_oint: 0:14:30.456604
StAnWorks_install_cppc: 0:04:50.495349
StAnWorks_install_cc: 0:04:30.222549
StAnWorks_install_cq: 0:00:34.251297
StAnWorks_works_pvs_on_m220422p6: 1:13:19.316857
StAnWorks_works_oint_on_m220422p6: 0:22:34.653818
