ListWorksALL: 0:00:35.325450
StAnWorks_install_pvs: 0:00:09.143096
StAnWorks_install_oint: 0:10:12.450533
StAnWorks_install_cppc: 0:00:18.347246
StAnWorks_install_cc: 0:03:21.949097
StAnWorks_install_cq: 0:00:30.268935
StAnWorks_works_pvs_on_Fix: 0:00:00.000025
StAnWorks_works_cq_on_Fix: 0:00:00.000010
StAnWorks_works_oint_on_Fix: 2:46:42.095007
StAnWorks_install_pvs: 0:00:46.726342
StAnWorks_install_cq: 0:00:48.037040
