ListWorksALL: 0:00:32.133580
StAnWorks_install_pvs: 0:00:09.237025
StAnWorks_install_oint: 0:10:21.773420
StAnWorks_install_cppc: 0:00:16.967332
StAnWorks_install_cc: 0:03:27.999694
StAnWorks_install_cq: 0:00:30.084855
StAnWorks_works_pvs_on_Fix: 0:00:00.000013
StAnWorks_works_cq_on_Fix: 0:00:00.000011
