ListWorksALL: 0:01:04.532015
StAnWorks_install_pvs: 0:00:08.330455
StAnWorks_install_oint: 0:10:07.016491
StAnWorks_install_cppc: 0:00:18.006088
StAnWorks_install_cc: 0:03:13.293319
