ListWorksALL: 0:00:27.802877
StAnWorks_install_pvs: 0:00:09.923581
StAnWorks_install_oint: 0:16:22.323379
StAnWorks_install_cppc: 0:05:37.448463
StAnWorks_install_cc: 0:05:30.684955
StAnWorks_install_cq: 0:00:43.183648
StAnWorks_works_pvs_on_m070522p8: 0:00:00.000016
StAnWorks_works_oint_on_m070522p8: 0:16:11.991741
StAnWorks_works_cc_on_m070522p8: 0:00:00.000091
StAnWorks_works_cppc_on_m070522p8: 4:00:29.981024
