ListWorksALL: 0:00:38.184125
StAnWorks_install_pvs: 0:00:07.538927
StAnWorks_install_oint: 0:10:42.490832
StAnWorks_install_cppc: 0:03:40.518313
StAnWorks_install_cc: 0:03:23.999838
