ListWorksALL: 0:01:12.773431
StAnWorks_install_pvs: 0:00:15.757451
StAnWorks_install_oint: 0:15:09.533382
StAnWorks_install_cppc: 0:00:20.561868
StAnWorks_install_cc: 0:05:01.937600
StAnWorks_install_cq: 0:00:38.704827
StAnWorks_works_pvs_on_newDesc230722p1: 4:01:25.130452
