ListWorksALL: 0:00:14.265490
StAnWorks_install_pvs: 0:00:08.124469
StAnWorks_install_oint: 0:12:28.996100
StAnWorks_install_cppc: 0:03:38.486298
StAnWorks_install_cc: 0:03:25.009175
StAnWorks_install_cq: 0:01:35.351604
StAnWorks_works_pvs_on_Fix: 0:00:00.000010
StAnWorks_works_cq_on_Fix: 0:00:00.000009
StAnWorks_works_oint_on_Fix: 2:48:26.625168
StAnWorks_install_pvs: 0:00:18.590554
StAnWorks_install_cq: 0:00:24.776819
