ListWorksALL: 0:00:17.807694
StAnWorks_install_pvs: 0:00:08.804103
StAnWorks_install_oint: 0:10:11.345150
StAnWorks_install_cppc: 0:03:43.335034
StAnWorks_install_cc: 0:03:26.496093
StAnWorks_install_cq: 0:00:23.980478
