ListWorksALL: 0:00:42.470826
StAnWorks_install_pvs: 0:00:08.803141
StAnWorks_install_oint: 0:12:29.380347
StAnWorks_install_cppc: 0:04:27.762900
StAnWorks_install_cc: 0:04:01.626483
StAnWorks_install_cq: 0:00:32.305727
