ListWorksALL: 0:00:28.962983
StAnWorks_install_pvs: 0:00:08.927414
StAnWorks_install_oint: 0:09:20.369025
StAnWorks_install_cppc: 0:00:16.897593
StAnWorks_install_cc: 0:03:43.122755
StAnWorks_install_cq: 0:00:49.600556
StAnWorks_install_pvs: 0:00:31.729750
StAnWorks_install_cq: 0:00:29.957387
StAnWorks_works_pvs_on_m060822p3: 0:00:00.000011
StAnWorks_works_cq_on_m060822p3: 2:10:58.008124
StAnWorks_works_pvs_on_m120822p4: 0:00:00.000015
StAnWorks_works_cq_on_m120822p4: 0:01:12.689283
