ListWorksALL: 0:00:05.510406
StAnWorks_install_pvs: 0:00:12.454682
StAnWorks_install_oint: 0:15:50.825880
StAnWorks_install_cppc: 0:05:14.527938
StAnWorks_install_cc: 0:05:18.401964
