ListWorksALL: 0:00:06.971264
StAnWorks_install_pvs: 0:00:08.355938
StAnWorks_install_oint: 0:10:24.548086
StAnWorks_install_cppc: 0:03:38.023514
StAnWorks_install_cc: 0:03:17.813625
