ListWorksALL: 0:00:03.912748
StAnWorks_install_pvs: 0:00:07.783505
StAnWorks_install_oint: 0:10:27.725687
StAnWorks_install_cppc: 0:03:45.171895
StAnWorks_install_cc: 0:03:12.445082
StAnWorks_install_cq: 0:00:23.020425
StAnWorks_works_pvs_on_m280522p11: 1:54:20.852689
StAnWorks_works_cq_on_m280522p11: 0:38:43.552592
StAnWorks_works_oint_on_m280522p11: 0:47:05.263185
StAnWorks_install_pvs: 0:00:21.410238
StAnWorks_install_cq: 0:00:25.928020
