ListWorksALL: 0:00:23.528893
StAnWorks_install_pvs: 0:00:10.147873
StAnWorks_install_oint: 0:13:19.185238
StAnWorks_install_cppc: 0:00:21.391830
StAnWorks_install_cc: 0:05:01.116914
StAnWorks_install_cq: 0:00:36.658727
StAnWorks_install_pvs: 0:00:26.487203
StAnWorks_install_cq: 0:00:33.915300
StAnWorks_works_pvs_on_newDesc230722p1: 0:00:00.000011
StAnWorks_works_cq_on_newDesc230722p1: 4:00:35.083175
StAnWorks_install_pvs: 0:00:30.600272
StAnWorks_install_cq: 0:00:59.957414
