ListWorksALL: 0:00:59.519728
StAnWorks_install_pvs: 0:00:11.136009
StAnWorks_install_oint: 0:14:28.134957
StAnWorks_install_cppc: 0:00:19.599629
StAnWorks_install_cc: 0:04:33.165255
