ListWorksALL: 0:00:11.309889
StAnWorks_install_pvs: 0:00:08.250239
StAnWorks_install_oint: 0:10:54.172163
StAnWorks_install_cppc: 0:03:53.252654
StAnWorks_install_cc: 0:03:55.243454
StAnWorks_install_cq: 0:00:27.671859
StAnWorks_works_pvs_on_m120822p4: 0:00:00.000012
StAnWorks_works_cq_on_m120822p4: 0:00:00.000013
StAnWorks_works_oint_on_m120822p4: 0:07:52.317875
StAnWorks_works_cc_on_m120822p4: 1:45:06.881343
