ListWorksALL: 0:00:07.716503
StAnWorks_install_pvs: 0:00:08.554011
StAnWorks_install_oint: 0:10:32.584606
StAnWorks_install_cppc: 0:03:40.492776
StAnWorks_install_cc: 0:03:21.014346
StAnWorks_install_cq: 0:00:28.629880
StAnWorks_works_pvs_on_m220422p6: 0:00:00.000013
StAnWorks_works_oint_on_m220422p6: 0:26:40.449464
StAnWorks_works_cc_on_m220422p6: 3:18:56.126377
