ListWorksALL: 0:00:48.788928
StAnWorks_install_pvs: 0:00:07.530164
StAnWorks_install_oint: 0:10:25.458021
StAnWorks_install_cppc: 0:00:16.746734
StAnWorks_install_cc: 0:03:27.130573
StAnWorks_install_cq: 0:00:30.894572
StAnWorks_works_pvs_on_m060822p3: 4:00:56.908699
