ListWorksALL: 0:00:09.305735
StAnWorks_install_pvs: 0:00:08.476221
StAnWorks_install_oint: 0:10:47.916962
StAnWorks_install_cppc: 0:03:48.189829
StAnWorks_install_cc: 0:03:23.094463
StAnWorks_install_cq: 0:00:33.931863
