ListWorksALL: 0:00:20.407447
StAnWorks_install_pvs: 0:00:07.673262
StAnWorks_install_oint: 0:10:22.933202
StAnWorks_install_cppc: 0:03:30.196673
StAnWorks_install_cc: 0:03:09.434913
StAnWorks_install_cq: 0:00:29.892370
