ListWorksALL: 0:00:51.530212
StAnWorks_install_pvs: 0:00:08.912800
StAnWorks_install_oint: 0:10:11.115992
StAnWorks_install_cppc: 0:00:18.540999
StAnWorks_install_cc: 0:03:22.418520
StAnWorks_install_cq: 0:00:31.178170
StAnWorks_works_pvs_on_newDesc230722p1: 0:00:00.000011
StAnWorks_works_cq_on_newDesc230722p1: 2:09:37.582558
StAnWorks_works_oint_on_newDesc230722p1: 0:27:21.590865
StAnWorks_works_cc_on_newDesc230722p1: 1:14:04.164512
