ListWorksALL: 0:00:40.229538
StAnWorks_install_pvs: 0:00:07.799673
StAnWorks_install_oint: 0:14:52.152797
StAnWorks_install_cppc: 0:03:39.766732
StAnWorks_install_cc: 0:03:57.501622
