ListWorksALL: 0:00:22.691814
StAnWorks_install_pvs: 0:00:07.245235
StAnWorks_install_oint: 0:10:02.734334
StAnWorks_install_cppc: 0:03:34.598442
StAnWorks_install_cc: 0:00:54.765889
