ListWorksALL: 0:01:07.958301
StAnWorks_install_pvs: 0:00:08.827600
StAnWorks_install_oint: 0:12:48.610648
StAnWorks_install_cppc: 0:00:20.217820
StAnWorks_install_cc: 0:04:16.116866
StAnWorks_install_cq: 0:00:34.760287
