ListWorksALL: 0:00:21.764625
StAnWorks_install_pvs: 0:00:08.922822
StAnWorks_install_oint: 0:11:34.653332
StAnWorks_install_cppc: 0:04:06.068114
StAnWorks_install_cc: 0:01:12.167510
StAnWorks_install_cq: 0:00:25.176746
StAnWorks_works_pvs_on_m110622p13: 0:00:00.000012
StAnWorks_works_cq_on_m110622p13: 1:55:04.766282
StAnWorks_works_oint_on_m110622p13: 2:35:29.170887
StAnWorks_install_pvs: 0:00:19.736319
StAnWorks_install_cq: 0:00:51.210624
