ListWorksALL: 0:00:46.327976
StAnWorks_install_pvs: 0:00:09.037533
StAnWorks_install_oint: 0:12:50.085504
StAnWorks_install_cppc: 0:00:20.485649
StAnWorks_install_cc: 0:04:10.455262
StAnWorks_install_cq: 0:00:47.045018
