ListWorksALL: 0:00:11.190572
StAnWorks_install_pvs: 0:00:08.148660
StAnWorks_install_oint: 0:10:35.636163
StAnWorks_install_cppc: 0:03:42.549111
StAnWorks_install_cc: 0:03:42.275273
StAnWorks_install_cq: 0:00:42.025899
