ListWorksALL: 0:00:11.740314
StAnWorks_install_pvs: 0:00:07.988308
StAnWorks_install_oint: 0:10:57.737921
StAnWorks_install_cppc: 0:03:55.428190
StAnWorks_install_cc: 0:03:30.931094
StAnWorks_install_cq: 0:00:28.784933
StAnWorks_works_pvs_on_m280422p7: 0:00:00.000015
StAnWorks_install_pvs: 0:00:19.385237
StAnWorks_install_cq: 0:00:21.492717
StAnWorks_works_pvs_on_m20422p7: 0:00:00.000013
