ListWorksALL: 0:00:08.195488
StAnWorks_install_pvs: 0:00:08.899588
StAnWorks_install_oint: 0:11:11.064521
StAnWorks_install_cppc: 0:03:41.446978
StAnWorks_install_cc: 0:03:18.664407
StAnWorks_install_cq: 0:00:31.015427
StAnWorks_works_pvs_on_m220422p6: 0:00:00.000014
StAnWorks_works_oint_on_m220422p6: 0:26:29.021635
StAnWorks_works_cc_on_m220422p6: 0:00:00.000017
