ListWorksALL: 0:00:08.905742
StAnWorks_install_pvs: 0:00:07.403284
StAnWorks_install_oint: 0:10:00.685979
StAnWorks_install_cppc: 0:03:36.552396
StAnWorks_install_cc: 0:03:04.944726
