ListWorksALL: 0:00:19.431068
StAnWorks_install_pvs: 0:00:10.514414
StAnWorks_install_oint: 0:13:54.295373
StAnWorks_install_cppc: 0:04:36.153645
StAnWorks_install_cc: 0:04:27.703976
StAnWorks_install_cq: 0:00:33.351806
StAnWorks_works_pvs_on_m140422p5: 0:00:00.000013
