ListWorksALL: 0:00:11.237183
StAnWorks_install_pvs: 0:00:08.512381
StAnWorks_install_oint: 0:12:02.254652
StAnWorks_install_cppc: 0:04:10.201641
StAnWorks_install_cc: 0:03:51.159165
