ListWorksALL: 0:00:28.928584
StAnWorks_install_pvs: 0:00:08.246887
StAnWorks_install_oint: 0:10:27.428970
StAnWorks_install_cppc: 0:03:45.843548
StAnWorks_install_cc: 0:00:58.939087
StAnWorks_install_cq: 0:00:24.378941
StAnWorks_works_pvs_on_m110622p13: 0:00:00.000017
StAnWorks_works_cq_on_m110622p13: 0:00:00.000011
StAnWorks_works_oint_on_m110622p13: 0:22:32.876778
StAnWorks_works_cc_on_m110622p13: 0:00:00.000013
StAnWorks_works_cppc_on_m110622p13: 4:00:36.566386
StAnWorks_install_pvs: 0:00:46.630031
StAnWorks_install_cq: 0:00:28.451872
StAnWorks_works_pvs_on_m110622p13: 0:03:45.855766
StAnWorks_works_cq_on_m110622p13: 0:41:24.738822
StAnWorks_install_pvs: 0:00:41.589771
StAnWorks_install_cq: 0:00:23.817922
StAnWorks_works_pvs_on_m110622p13: 0:03:37.761210
