ListWorksALL: 0:01:01.142955
StAnWorks_install_pvs: 0:00:11.671972
StAnWorks_install_oint: 0:14:43.474971
StAnWorks_install_cppc: 0:00:20.159015
StAnWorks_install_cc: 0:04:50.587574
