ListWorksALL: 0:00:13.443288
StAnWorks_install_pvs: 0:00:07.911271
StAnWorks_install_oint: 0:10:43.936517
StAnWorks_install_cppc: 0:03:52.403498
StAnWorks_install_cc: 0:03:20.779549
StAnWorks_install_cq: 0:00:25.656362
