ListWorksALL: 0:00:14.058418
StAnWorks_install_pvs: 0:00:07.935095
StAnWorks_install_oint: 0:10:56.092661
StAnWorks_install_cppc: 0:03:52.512087
StAnWorks_install_cc: 0:03:50.586086
