ListWorksALL: 0:00:01.046789
StAnWorks_install_pvs: 0:00:09.263872
StAnWorks_install_oint: 0:14:58.505465
StAnWorks_install_cppc: 0:05:22.283248
StAnWorks_install_cc: 0:04:46.404692
