ListWorksALL: 0:00:24.880208
StAnWorks_install_pvs: 0:00:08.845396
StAnWorks_install_oint: 0:11:37.988224
StAnWorks_install_cppc: 0:03:55.850271
StAnWorks_install_cc: 0:03:22.326994
StAnWorks_install_cq: 0:00:53.315656
StAnWorks_works_pvs_on_m030622p12: 0:00:00.000013
StAnWorks_works_cq_on_m030622p12: 0:00:00.000012
StAnWorks_works_oint_on_m030622p12: 0:24:01.542314
StAnWorks_works_cc_on_m030622p12: 0:00:00.000015
