ListWorksALL: 0:00:28.928584
StAnWorks_install_pvs: 0:00:08.246887
StAnWorks_install_oint: 0:10:27.428970
StAnWorks_install_cppc: 0:03:45.843548
StAnWorks_install_cc: 0:00:58.939087
StAnWorks_install_cq: 0:00:24.378941
