ListWorksALL: 0:00:36.604917
StAnWorks_install_pvs: 0:00:08.957257
StAnWorks_install_oint: 0:10:42.280825
StAnWorks_install_cppc: 0:00:14.794537
StAnWorks_install_cc: 0:03:29.087504
