ListWorksALL: 0:00:49.321504
StAnWorks_install_pvs: 0:00:08.054742
StAnWorks_install_oint: 0:10:35.249459
StAnWorks_install_cppc: 0:00:16.488348
StAnWorks_install_cc: 0:03:28.166819
StAnWorks_install_cq: 0:00:32.163859
StAnWorks_works_pvs_on_newDesc230722p1: 4:00:59.346068
StAnWorks_install_pvs: 0:00:41.008994
StAnWorks_install_cq: 0:00:31.924767
StAnWorks_works_pvs_on_m300722p2: 4:01:07.712761
StAnWorks_install_pvs: 0:00:30.838087
StAnWorks_install_cq: 0:00:31.681726
