ListWorksALL: 0:00:14.252874
StAnWorks_install_pvs: 0:00:08.593362
StAnWorks_install_oint: 0:11:15.418095
StAnWorks_install_cppc: 0:04:11.195898
StAnWorks_install_cc: 0:03:55.475520
StAnWorks_install_cq: 0:00:29.091246
