ListWorksALL: 0:01:05.169224
StAnWorks_install_pvs: 0:00:09.146177
StAnWorks_install_oint: 0:10:37.932929
StAnWorks_install_cppc: 0:00:16.448441
StAnWorks_install_cc: 0:03:34.604267
StAnWorks_install_cq: 0:00:29.629734
StAnWorks_works_pvs_on_Fix: 4:01:16.909923
StAnWorks_install_pvs: 0:00:49.185387
StAnWorks_install_cq: 0:00:34.557029
StAnWorks_install_pvs: 0:00:43.947107
StAnWorks_install_cq: 0:01:32.034991
