StAnWorks_install_pvs: 0:00:19.160673
StAnWorks_install_cq: 0:00:21.845046
StAnWorks_install_pvs: 0:00:19.192092
StAnWorks_install_cq: 0:00:24.645477
StAnWorks_install_pvs: 0:00:34.219333
StAnWorks_install_cq: 0:00:36.222705
