ListWorksALL: 0:00:11.380602
StAnWorks_install_pvs: 0:00:08.481881
StAnWorks_install_oint: 0:10:44.222767
StAnWorks_install_cppc: 0:03:50.591157
StAnWorks_install_cc: 0:03:28.470031
StAnWorks_install_cq: 0:00:34.205500
StAnWorks_works_pvs_on_m280522p11: 0:00:00.000024
StAnWorks_works_cq_on_m280522p11: 0:00:00.000012
