ListWorksALL: 0:00:33.410657
StAnWorks_install_pvs: 0:00:07.866432
StAnWorks_install_oint: 0:10:55.507987
StAnWorks_install_cppc: 0:03:46.077220
StAnWorks_install_cc: 0:03:15.068587
