ListWorksALL: 0:01:09.974127
StAnWorks_install_pvs: 0:00:07.791123
StAnWorks_install_oint: 0:10:32.180907
StAnWorks_install_cppc: 0:03:55.310059
StAnWorks_install_cc: 0:03:35.490162
StAnWorks_install_cq: 0:00:28.777532
