ListWorksALL: 0:00:11.237183
StAnWorks_install_pvs: 0:00:08.512381
StAnWorks_install_oint: 0:12:02.254652
StAnWorks_install_cppc: 0:04:10.201641
StAnWorks_install_cc: 0:03:51.159165
StAnWorks_install_cq: 0:00:31.353197
StAnWorks_works_pvs_on_m120822p4: 0:00:00.000012
