ListWorksALL: 0:00:36.604917
StAnWorks_install_pvs: 0:00:08.957257
StAnWorks_install_oint: 0:10:42.280825
StAnWorks_install_cppc: 0:00:14.794537
StAnWorks_install_cc: 0:03:29.087504
StAnWorks_install_cq: 0:00:49.807304
StAnWorks_works_pvs_on_Fix: 0:00:00.000014
StAnWorks_works_cq_on_Fix: 0:00:00.000014
