ListWorksALL: 0:00:28.299083
StAnWorks_install_pvs: 0:00:08.862871
StAnWorks_install_oint: 0:13:14.042673
StAnWorks_install_cppc: 0:04:46.552824
StAnWorks_install_cc: 0:04:36.728963
StAnWorks_install_cq: 0:00:53.463608
StAnWorks_works_pvs_on_newDesc230722p1: 4:00:31.500006
StAnWorks_works_cq_on_newDesc230722p1: 0:01:11.753451
StAnWorks_works_oint_on_newDesc230722p1: 0:00:46.150802
StAnWorks_works_cc_on_newDesc230722p1: 0:00:00.000013
StAnWorks_install_pvs: 0:00:20.125649
StAnWorks_install_cq: 0:00:28.392490
StAnWorks_works_pvs_on_newDesc230722p1: 0:00:00.000015
StAnWorks_works_cq_on_newDesc230722p1: 4:00:38.778196
