ListWorksALL: 0:01:04.191375
StAnWorks_install_pvs: 0:00:07.547317
StAnWorks_install_oint: 0:09:58.286378
StAnWorks_install_cppc: 0:00:17.692225
StAnWorks_install_cc: 0:03:14.420455
StAnWorks_install_cq: 0:00:31.179933
