ListWorksALL: 0:00:21.764625
StAnWorks_install_pvs: 0:00:08.922822
StAnWorks_install_oint: 0:11:34.653332
StAnWorks_install_cppc: 0:04:06.068114
StAnWorks_install_cc: 0:01:12.167510
