ListWorksALL: 0:00:12.228535
StAnWorks_install_pvs: 0:00:23.334565
StAnWorks_install_cq: 0:00:34.467368
StAnWorks_install_pvs: 0:00:42.083370
StAnWorks_install_cq: 0:00:23.882949
StAnWorks_install_pvs: 0:00:36.857252
StAnWorks_install_cq: 0:00:34.666634
StAnWorks_install_pvs: 0:00:32.271511
StAnWorks_install_cq: 0:00:43.681187
