ListWorksALL: 0:00:17.780569
StAnWorks_install_pvs: 0:00:08.436774
StAnWorks_install_oint: 0:10:31.773369
StAnWorks_install_cppc: 0:03:32.749470
StAnWorks_install_cc: 0:03:07.251373
