ListWorksALL: 0:00:10.630506
StAnWorks_install_pvs: 0:00:07.688209
StAnWorks_install_oint: 0:10:59.878306
StAnWorks_install_cppc: 0:03:53.452574
StAnWorks_install_cc: 0:03:08.293374
StAnWorks_install_cq: 0:00:25.146401
StAnWorks_works_pvs_on_m280422p7: 0:00:00.000013
StAnWorks_works_oint_on_m280422p7: 0:25:53.301284
StAnWorks_install_pvs: 0:00:23.114100
StAnWorks_install_cq: 0:00:27.937814
