ListWorksALL: 0:00:24.023776
StAnWorks_install_pvs: 0:00:07.819935
StAnWorks_install_oint: 0:10:07.479047
StAnWorks_install_cppc: 0:03:35.954221
StAnWorks_install_cc: 0:03:01.034780
StAnWorks_install_cq: 0:00:26.117825
