ListWorksALL: 0:00:10.226292
StAnWorks_install_pvs: 0:00:09.249062
StAnWorks_install_oint: 0:13:58.345618
StAnWorks_install_cppc: 0:04:39.317440
StAnWorks_install_cc: 0:04:21.814404
StAnWorks_install_cq: 0:00:40.398272
