ListWorksALL: 0:00:30.129780
StAnWorks_install_pvs: 0:00:09.131138
StAnWorks_install_oint: 0:12:03.281663
StAnWorks_install_cppc: 0:00:17.439741
StAnWorks_install_cc: 0:03:51.943453
StAnWorks_install_cq: 0:00:53.700651
StAnWorks_works_pvs_on_Fix: 0:00:00.000022
StAnWorks_works_cq_on_Fix: 0:00:00.000011
StAnWorks_works_oint_on_Fix: 3:06:58.754723
StAnWorks_install_pvs: 0:00:48.867449
StAnWorks_install_cq: 0:01:40.619005
