ListWorksALL: 0:00:14.058418
StAnWorks_install_pvs: 0:00:07.935095
StAnWorks_install_oint: 0:10:56.092661
StAnWorks_install_cppc: 0:03:52.512087
StAnWorks_install_cc: 0:03:50.586086
StAnWorks_install_cq: 0:00:27.021797
StAnWorks_works_pvs_on_newDesc230722p1: 4:00:28.959732
StAnWorks_install_pvs: 0:00:25.147854
StAnWorks_install_cq: 0:01:28.146991
