ListWorksALL: 0:00:32.133580
StAnWorks_install_pvs: 0:00:09.237025
StAnWorks_install_oint: 0:10:21.773420
StAnWorks_install_cppc: 0:00:16.967332
StAnWorks_install_cc: 0:03:27.999694
