ListWorksALL: 0:00:50.588413
StAnWorks_install_pvs: 0:00:03.427789
StAnWorks_install_oint: 0:12:49.124685
StAnWorks_install_cppc: 0:00:20.305974
StAnWorks_install_cc: 0:04:23.595084
StAnWorks_install_cq: 0:01:17.765208
