ListWorksALL: 0:00:23.528893
StAnWorks_install_pvs: 0:00:10.147873
StAnWorks_install_oint: 0:13:19.185238
StAnWorks_install_cppc: 0:00:21.391830
StAnWorks_install_cc: 0:05:01.116914
