ListWorksALL: 0:00:33.410657
StAnWorks_install_pvs: 0:00:07.866432
StAnWorks_install_oint: 0:10:55.507987
StAnWorks_install_cppc: 0:03:46.077220
StAnWorks_install_cc: 0:03:15.068587
StAnWorks_install_cq: 0:00:24.176576
StAnWorks_works_pvs_on_m240622p15: 4:00:57.773842
StAnWorks_works_cq_on_m240622p15: 0:21:06.342488
StAnWorks_install_pvs: 0:00:18.267735
StAnWorks_install_cq: 0:00:32.174268
StAnWorks_install_pvs: 0:00:36.029887
StAnWorks_install_cq: 0:00:44.690358
