ListWorksALL: 0:01:02.602093
StAnWorks_install_pvs: 0:00:08.884633
StAnWorks_install_oint: 0:10:05.230696
StAnWorks_install_cppc: 0:00:18.290649
StAnWorks_install_cc: 0:03:17.767700
