ListWorksALL: 0:00:56.989258
StAnWorks_install_pvs: 0:00:11.282974
StAnWorks_install_oint: 0:15:50.905714
StAnWorks_install_cppc: 0:00:23.347823
StAnWorks_install_cc: 0:05:10.264218
StAnWorks_install_cq: 0:00:38.834725
StAnWorks_works_pvs_on_m060822p3: 4:01:04.861869
