ListWorksALL: 0:00:17.728997
StAnWorks_install_pvs: 0:00:09.457600
StAnWorks_install_oint: 0:12:37.417016
StAnWorks_install_cppc: 0:04:36.672478
StAnWorks_install_cc: 0:04:02.901594
