ListWorksALL: 0:00:46.652661
StAnWorks_install_pvs: 0:00:09.365157
StAnWorks_install_oint: 0:09:59.395684
StAnWorks_install_cppc: 0:00:18.208651
StAnWorks_install_cc: 0:03:14.614363
StAnWorks_install_cq: 0:00:31.959240
StAnWorks_works_pvs_on_m120822p4: 0:00:00.000012
