ListWorksALL: 0:00:21.286660
StAnWorks_install_pvs: 0:00:11.965105
StAnWorks_install_oint: 0:15:07.018749
StAnWorks_install_cppc: 0:04:37.944031
StAnWorks_install_cc: 0:04:14.565277
StAnWorks_install_cq: 0:00:43.345973
StAnWorks_works_pvs_on_m070522p8: 0:00:00.000015
StAnWorks_works_oint_on_m070522p8: 0:14:07.363705
