ListWorksALL: 0:00:22.026261
StAnWorks_install_pvs: 0:00:11.346957
StAnWorks_install_oint: 0:14:47.081783
StAnWorks_install_cppc: 0:03:34.826717
StAnWorks_install_cc: 0:03:51.299469
StAnWorks_install_cq: 0:00:37.792121
StAnWorks_works_pvs_on_m030622p12: 0:00:00.034688
