ListWorksALL: 0:00:09.428248
StAnWorks_install_pvs: 0:00:08.657410
StAnWorks_install_oint: 0:13:20.977668
StAnWorks_install_cppc: 0:04:12.682604
StAnWorks_install_cc: 0:01:11.163518
StAnWorks_install_cq: 0:00:57.703625
StAnWorks_works_pvs_on_m180622p14: 0:00:00.000015
StAnWorks_works_cq_on_m180622p14: 0:00:00.000013
StAnWorks_works_oint_on_m180622p14: 4:00:34.153536
StAnWorks_works_cc_on_m180622p14: 0:23:27.240372
