ListWorksALL: 0:00:12.378691
StAnWorks_install_pvs: 0:00:10.298944
StAnWorks_install_oint: 0:13:38.145993
StAnWorks_install_cppc: 0:04:47.656200
StAnWorks_install_cc: 0:04:31.996290
StAnWorks_install_cq: 0:00:48.988634
StAnWorks_works_pvs_on_Fix: 4:00:24.509952
StAnWorks_install_pvs: 0:00:20.809232
StAnWorks_install_cq: 0:00:28.159898
StAnWorks_works_pvs_on_m080722p17: 0:56:15.839482
