ListWorksALL: 0:00:07.491521
StAnWorks_install_pvs: 0:00:07.636624
StAnWorks_install_oint: 0:10:30.503867
StAnWorks_install_cppc: 0:03:45.265953
StAnWorks_install_cc: 0:01:05.117784
