ListWorksALL: 0:00:00.915133
StAnWorks_install_pvs: 0:00:08.701280
StAnWorks_install_oint: 0:12:22.976270
StAnWorks_install_cppc: 0:04:36.242886
StAnWorks_install_cc: 0:03:51.808351
