ListWorksALL: 0:00:00.956558
StAnWorks_install_pvs: 0:00:08.275306
StAnWorks_install_oint: 0:12:07.966922
StAnWorks_install_cppc: 0:04:34.168032
StAnWorks_install_cc: 0:03:45.604300
StAnWorks_install_cq: 0:00:25.442453
StAnWorks_works_pvs_on_oldyml1: 0:10:40.318519
StAnWorks_works_oint_on_oldyml1: 0:06:03.839582
StAnWorks_works_cc_on_oldyml1: 0:13:06.242360
