ListWorksALL: 0:00:28.415683
StAnWorks_install_pvs: 0:00:07.594025
StAnWorks_install_oint: 0:12:53.526482
StAnWorks_install_cppc: 0:03:26.037872
StAnWorks_install_cc: 0:12:05.533020
