ListWorksALL: 0:01:55.015730
StAnWorks_install_pvs: 0:00:07.248042
StAnWorks_install_oint: 0:11:02.285855
StAnWorks_install_cppc: 0:03:48.415239
StAnWorks_install_cc: 0:03:40.522971
