ListWorksALL: 0:01:56.012087
StAnWorks_install_pvs: 0:00:08.055037
StAnWorks_install_oint: 0:13:21.104465
StAnWorks_install_cppc: 0:04:36.103244
StAnWorks_install_cc: 0:04:30.664438
StAnWorks_install_cq: 0:00:31.961627
StAnWorks_works_pvs_on_Fix: 0:00:00.000031
StAnWorks_works_cq_on_Fix: 0:00:00.000013
StAnWorks_works_oint_on_Fix: 3:42:27.121823
