ListWorksALL: 0:00:50.588413
StAnWorks_install_pvs: 0:00:03.427789
StAnWorks_install_oint: 0:12:49.124685
StAnWorks_install_cppc: 0:00:20.305974
StAnWorks_install_cc: 0:04:23.595084
StAnWorks_install_cq: 0:01:17.765208
StAnWorks_works_pvs_on_newDesc230722p1: 0:00:00.000013
StAnWorks_works_cq_on_newDesc230722p1: 0:00:00.000012
StAnWorks_works_oint_on_newDesc230722p1: 0:01:33.379635
StAnWorks_works_cc_on_newDesc230722p1: 1:37:53.701302
StAnWorks_works_cppc_on_newDesc230722p1: 0:06:33.653490
