ListWorksALL: 0:00:39.876886
StAnWorks_install_pvs: 0:00:11.662135
StAnWorks_install_oint: 0:14:16.233032
StAnWorks_install_cppc: 0:00:19.773667
StAnWorks_install_cc: 0:04:39.693119
StAnWorks_install_cq: 0:00:34.997557
