ListWorksALL: 0:00:13.119078
StAnWorks_install_pvs: 0:00:11.316947
StAnWorks_install_oint: 0:15:34.831064
StAnWorks_install_cppc: 0:05:16.106624
StAnWorks_install_cc: 0:04:57.933937
StAnWorks_install_cq: 0:00:39.203641
