ListWorksALL: 0:00:13.882158
StAnWorks_install_pvs: 0:00:09.732368
StAnWorks_install_oint: 0:14:45.703009
StAnWorks_install_cppc: 0:05:01.298153
StAnWorks_install_cc: 0:04:48.852404
StAnWorks_install_cq: 0:00:35.893216
StAnWorks_works_pvs_on_m280422p7: 0:00:00.000016
StAnWorks_works_oint_on_m280422p7: 0:34:49.065212
