ListWorksALL: 0:00:42.127420
StAnWorks_install_pvs: 0:00:09.572540
StAnWorks_install_oint: 0:13:48.028081
StAnWorks_install_cppc: 0:00:20.179313
StAnWorks_install_cc: 0:04:39.058938
StAnWorks_install_cq: 0:00:35.327739
StAnWorks_works_pvs_on_m060822p3: 4:00:50.071120
StAnWorks_works_cq_on_m060822p3: 0:28:05.547872
