ListWorksALL: 0:00:35.535718
StAnWorks_install_pvs: 0:00:07.376856
StAnWorks_install_oint: 0:10:35.891555
StAnWorks_install_cppc: 0:03:48.375259
StAnWorks_install_cc: 0:03:19.516932
