ListWorksALL: 0:00:22.805420
StAnWorks_install_pvs: 0:00:08.008456
StAnWorks_install_oint: 0:10:50.894652
StAnWorks_install_cppc: 0:03:52.363757
StAnWorks_install_cc: 0:03:33.742383
StAnWorks_install_cq: 0:00:27.959140
StAnWorks_works_pvs_on_m300722p2: 0:00:00.000021
StAnWorks_works_cq_on_m300722p2: 0:00:00.000012
