ListWorksALL: 0:00:19.552250
StAnWorks_install_pvs: 0:00:08.217783
StAnWorks_install_oint: 0:10:17.305948
StAnWorks_install_cppc: 0:00:20.306138
StAnWorks_install_cc: 0:04:00.429974
StAnWorks_install_cq: 0:00:35.473762
StAnWorks_install_pvs: 0:00:26.001331
StAnWorks_install_cq: 0:00:31.288593
StAnWorks_works_pvs_on_newDesc230722p1: 4:00:43.918452
StAnWorks_install_pvs: 0:00:17.433209
StAnWorks_install_cq: 0:00:30.108804
