ListWorksALL: 0:00:38.039707
StAnWorks_install_pvs: 0:00:07.845523
StAnWorks_install_oint: 0:09:58.681546
StAnWorks_install_cppc: 0:03:40.174039
StAnWorks_install_cc: 0:03:21.014332
StAnWorks_install_cq: 0:00:30.233184
StAnWorks_works_pvs_on_m300722p2: 0:00:00.000010
StAnWorks_works_cq_on_m300722p2: 0:00:00.000012
StAnWorks_works_oint_on_m300722p2: 0:03:46.637149
StAnWorks_works_cc_on_m300722p2: 0:00:00.000011
