ListWorksALL: 0:00:27.840463
StAnWorks_install_pvs: 0:00:08.469114
StAnWorks_install_oint: 0:08:55.623138
StAnWorks_install_cppc: 0:00:16.751483
StAnWorks_install_cc: 0:03:33.839125
StAnWorks_install_cq: 0:00:30.310355
