ListWorksALL: 0:00:11.834091
StAnWorks_install_pvs: 0:00:08.447316
StAnWorks_install_oint: 0:12:52.847851
StAnWorks_install_cppc: 0:04:22.600212
StAnWorks_install_cc: 0:03:51.532400
StAnWorks_install_cq: 0:00:42.429256
StAnWorks_install_pvs: 0:00:20.795190
StAnWorks_install_cq: 0:00:26.579958
StAnWorks_install_pvs: 0:00:54.705966
StAnWorks_install_cq: 0:00:29.144632
