ListWorksALL: 0:00:18.041761
StAnWorks_install_pvs: 0:00:09.643695
StAnWorks_install_oint: 0:12:44.845261
StAnWorks_install_cppc: 0:04:34.282687
StAnWorks_install_cc: 0:04:16.596872
StAnWorks_install_cq: 0:01:00.915458
StAnWorks_install_pvs: 0:00:20.496872
StAnWorks_install_cq: 0:00:27.718299
