ListWorksALL: 0:01:02.507072
StAnWorks_install_pvs: 0:00:10.957217
StAnWorks_install_oint: 0:12:46.170330
StAnWorks_install_cppc: 0:00:22.951811
StAnWorks_install_cc: 0:04:15.339104
StAnWorks_install_cq: 0:00:36.164104
