ListWorksALL: 0:00:21.286660
StAnWorks_install_pvs: 0:00:11.965105
StAnWorks_install_oint: 0:15:07.018749
StAnWorks_install_cppc: 0:04:37.944031
StAnWorks_install_cc: 0:04:14.565277
