ListWorksALL: 0:00:28.572898
StAnWorks_install_pvs: 0:00:12.537732
StAnWorks_install_oint: 0:12:18.506647
StAnWorks_install_cppc: 0:04:37.181148
StAnWorks_install_cc: 0:04:21.144945
StAnWorks_install_cq: 0:00:39.635139
StAnWorks_works_pvs_on_Fix: 4:00:38.345827
StAnWorks_install_pvs: 0:00:23.457179
StAnWorks_install_cq: 0:00:41.649132
