ListWorksALL: 0:00:46.336222
StAnWorks_install_pvs: 0:00:07.592557
StAnWorks_install_oint: 0:10:38.157737
StAnWorks_install_cppc: 0:00:16.683120
StAnWorks_install_cc: 0:03:27.305887
StAnWorks_install_cq: 0:00:31.331937
StAnWorks_install_pvs: 0:00:25.098126
StAnWorks_install_cq: 0:01:08.107116
