ListWorksALL: 0:00:23.095952
StAnWorks_install_pvs: 0:00:09.660294
StAnWorks_install_oint: 0:10:32.811997
StAnWorks_install_cppc: 0:00:20.972102
StAnWorks_install_cc: 0:04:02.450506
StAnWorks_install_cq: 0:00:52.171178
StAnWorks_install_pvs: 0:00:33.956638
StAnWorks_install_cq: 0:00:31.078370
StAnWorks_works_pvs_on_m300722p2: 4:00:45.345048
