ListWorksALL: 0:01:06.050441
StAnWorks_install_pvs: 0:00:07.868085
StAnWorks_install_oint: 0:10:11.062731
StAnWorks_install_cppc: 0:00:17.817438
StAnWorks_install_cc: 0:03:19.822992
