ListWorksALL: 0:00:11.309889
StAnWorks_install_pvs: 0:00:08.250239
StAnWorks_install_oint: 0:10:54.172163
StAnWorks_install_cppc: 0:03:53.252654
StAnWorks_install_cc: 0:03:55.243454
