ListWorksALL: 0:01:54.147324
StAnWorks_install_pvs: 0:00:07.989684
StAnWorks_install_oint: 0:11:04.838616
StAnWorks_install_cppc: 0:03:47.350657
StAnWorks_install_cc: 0:03:44.379209
StAnWorks_install_cq: 0:00:42.033444
StAnWorks_works_pvs_on_Fix: 0:00:00.000014
StAnWorks_works_cq_on_Fix: 0:00:00.000011
