ListWorksALL: 0:00:47.227313
StAnWorks_install_pvs: 0:00:09.288156
StAnWorks_install_oint: 0:10:08.694666
StAnWorks_install_cppc: 0:00:17.678091
StAnWorks_install_cc: 0:03:13.408452
