ListWorksALL: 0:00:18.089872
StAnWorks_install_pvs: 0:00:10.417568
StAnWorks_install_oint: 0:12:54.530672
StAnWorks_install_cppc: 0:04:34.739124
StAnWorks_install_cc: 0:04:05.062412
