ListWorksALL: 0:00:05.510406
StAnWorks_install_pvs: 0:00:12.454682
StAnWorks_install_oint: 0:15:50.825880
StAnWorks_install_cppc: 0:05:14.527938
StAnWorks_install_cc: 0:05:18.401964
StAnWorks_install_cq: 0:00:51.462740
StAnWorks_works_pvs_on_m120422p3: 0:00:00.000020
StAnWorks_works_oint_on_m120422p3: 0:02:08.273060
StAnWorks_works_cc_on_m120422p3: 4:00:56.916031
