ListWorksALL: 0:01:19.179628
StAnWorks_install_pvs: 0:00:07.865257
StAnWorks_install_oint: 0:09:58.543905
StAnWorks_install_cppc: 0:00:17.177796
StAnWorks_install_cc: 0:03:16.735157
