ListWorksALL: 0:00:42.202955
StAnWorks_install_pvs: 0:00:08.409739
StAnWorks_install_oint: 0:12:39.324599
StAnWorks_install_cppc: 0:04:40.935580
StAnWorks_install_cc: 0:04:16.142072
StAnWorks_install_cq: 0:00:50.011888
StAnWorks_works_pvs_on_Fix: 0:00:00.000015
StAnWorks_works_cq_on_Fix: 0:00:00.000019
StAnWorks_works_oint_on_Fix: 3:27:32.503658
