ListWorksALL: 0:00:12.694489
StAnWorks_install_pvs: 0:00:11.770403
StAnWorks_install_oint: 0:15:04.964739
StAnWorks_install_cppc: 0:04:59.271471
StAnWorks_install_cc: 0:04:32.356882
StAnWorks_install_cq: 0:00:39.816375
StAnWorks_works_pvs_on_m220422p6: 0:00:00.000016
