ListWorksALL: 0:00:15.611280
StAnWorks_install_pvs: 0:00:07.976324
StAnWorks_install_oint: 0:10:43.233219
StAnWorks_install_cppc: 0:03:50.285820
StAnWorks_install_cc: 0:03:30.501703
StAnWorks_install_cq: 0:00:28.420646
StAnWorks_works_pvs_on_m120822p4: 0:00:00.000013
StAnWorks_works_cq_on_m120822p4: 0:00:00.000014
StAnWorks_works_oint_on_m120822p4: 0:08:03.594280
StAnWorks_works_cc_on_m120822p4: 0:00:00.000012
StAnWorks_works_cppc_on_m120822p4: 4:00:18.617151
