ListWorksALL: 0:01:01.351492
StAnWorks_install_pvs: 0:00:08.694290
StAnWorks_install_oint: 0:11:28.485736
StAnWorks_install_cppc: 0:00:17.036940
StAnWorks_install_cc: 0:03:37.142097
StAnWorks_install_cq: 0:01:38.680270
StAnWorks_install_pvs: 0:00:26.981743
StAnWorks_install_cq: 0:01:04.808095
StAnWorks_install_pvs: 0:00:47.151811
StAnWorks_install_cq: 0:00:33.421288
