ListWorksALL: 0:00:22.969374
StAnWorks_install_pvs: 0:00:07.337372
StAnWorks_install_oint: 0:10:28.815796
StAnWorks_install_cppc: 0:03:42.487338
StAnWorks_install_cc: 0:03:29.049064
StAnWorks_install_cq: 0:00:37.834809
StAnWorks_works_pvs_on_newDesc230722p1: 0:00:00.000011
StAnWorks_works_cq_on_newDesc230722p1: 0:00:00.000010
StAnWorks_works_oint_on_newDesc230722p1: 0:01:02.018403
StAnWorks_works_cc_on_newDesc230722p1: 0:00:00.000010
StAnWorks_works_cppc_on_newDesc230722p1: 4:00:29.067436
StAnWorks_install_pvs: 0:00:21.331452
StAnWorks_install_cq: 0:00:32.295933
StAnWorks_works_pvs_on_newDesc230722p1: 4:00:39.810451
StAnWorks_install_pvs: 0:00:33.782047
StAnWorks_install_cq: 0:01:04.234410
StAnWorks_works_pvs_on_newDesc230722p1: 0:08:10.833276
StAnWorks_works_cq_on_newDesc230722p1: 4:00:32.378905
