ListWorksALL: 0:00:59.519728
StAnWorks_install_pvs: 0:00:11.136009
StAnWorks_install_oint: 0:14:28.134957
StAnWorks_install_cppc: 0:00:19.599629
StAnWorks_install_cc: 0:04:33.165255
StAnWorks_install_cq: 0:00:56.019434
StAnWorks_works_pvs_on_newDesc230722p1: 0:00:00.000016
StAnWorks_works_cq_on_newDesc230722p1: 2:36:16.264766
StAnWorks_works_oint_on_newDesc230722p1: 0:33:13.306382
StAnWorks_install_pvs: 0:00:37.110575
StAnWorks_install_cq: 0:00:33.473399
