ListWorksALL: 0:01:05.169224
StAnWorks_install_pvs: 0:00:09.146177
StAnWorks_install_oint: 0:10:37.932929
StAnWorks_install_cppc: 0:00:16.448441
StAnWorks_install_cc: 0:03:34.604267
