ListWorksALL: 0:00:17.119675
StAnWorks_install_pvs: 0:00:09.871366
StAnWorks_install_oint: 0:12:48.025864
StAnWorks_install_cppc: 0:04:44.647211
StAnWorks_install_cc: 0:04:27.357113
StAnWorks_install_cq: 0:00:32.595496
StAnWorks_works_pvs_on_Fix: 0:00:00.000017
StAnWorks_works_cq_on_Fix: 0:00:00.000012
StAnWorks_works_oint_on_Fix: 0:11:01.313720
