ListWorksALL: 0:00:11.960866
StAnWorks_install_pvs: 0:00:07.739817
StAnWorks_install_oint: 0:10:31.714705
StAnWorks_install_cppc: 0:03:48.023725
StAnWorks_install_cc: 0:03:21.704949
StAnWorks_install_cq: 0:00:23.980224
StAnWorks_works_pvs_on_m280422p7: 0:00:00.000012
StAnWorks_works_oint_on_m280422p7: 0:25:26.156480
StAnWorks_install_pvs: 0:00:18.460101
StAnWorks_install_cq: 0:00:34.098827
StAnWorks_install_pvs: 0:00:33.727899
StAnWorks_install_cq: 0:00:29.623774
