ListWorksALL: 0:00:18.509833
StAnWorks_install_pvs: 0:00:11.089835
StAnWorks_install_oint: 0:12:29.606812
StAnWorks_install_cppc: 0:04:24.939582
StAnWorks_install_cc: 0:03:56.966583
StAnWorks_install_cq: 0:00:24.317058
