ListWorksALL: 0:01:59.623391
StAnWorks_install_pvs: 0:00:12.680815
StAnWorks_install_oint: 0:14:40.191091
StAnWorks_install_cppc: 0:04:44.061406
StAnWorks_install_cc: 0:04:47.530827
StAnWorks_install_cq: 0:01:10.401586
StAnWorks_works_pvs_on_Fix: 0:00:00.000016
StAnWorks_works_cq_on_Fix: 0:00:00.000014
