ListWorksALL: 0:00:15.314345
StAnWorks_install_pvs: 0:00:08.719858
StAnWorks_install_oint: 0:13:16.445458
StAnWorks_install_cppc: 0:04:33.338800
StAnWorks_install_cc: 0:04:22.778011
StAnWorks_install_cq: 0:00:27.965863
StAnWorks_install_pvs: 0:00:39.375180
StAnWorks_install_cq: 0:00:37.185129
StAnWorks_works_pvs_on_m150722p18mul3: 0:00:00.000010
StAnWorks_works_cq_on_m150722p18mul3: 2:11:59.446831
StAnWorks_install_pvs: 0:00:43.522661
StAnWorks_install_cq: 0:00:27.908759
