ListWorksALL: 0:00:19.204722
StAnWorks_install_pvs: 0:00:09.855451
StAnWorks_install_oint: 0:10:32.003994
StAnWorks_install_cppc: 0:00:21.031219
StAnWorks_install_cc: 0:04:09.730361
StAnWorks_install_cq: 0:00:39.623693
StAnWorks_install_pvs: 0:00:27.508357
StAnWorks_install_cq: 0:00:32.047656
StAnWorks_works_pvs_on_m200822p5: 0:00:00.000009
StAnWorks_works_cq_on_m200822p5: 4:00:28.562874
StAnWorks_install_pvs: 0:00:35.353444
StAnWorks_install_cq: 0:01:40.318906
