ListWorksALL: 0:00:35.831315
StAnWorks_install_pvs: 0:00:07.753855
StAnWorks_install_oint: 0:10:27.017812
StAnWorks_install_cppc: 0:03:48.798770
StAnWorks_install_cc: 0:04:06.970946
StAnWorks_install_cq: 0:00:29.503149
