ListWorksALL: 0:00:35.325450
StAnWorks_install_pvs: 0:00:09.143096
StAnWorks_install_oint: 0:10:12.450533
StAnWorks_install_cppc: 0:00:18.347246
StAnWorks_install_cc: 0:03:21.949097
