ListWorksALL: 0:00:01.046789
StAnWorks_install_pvs: 0:00:09.263872
StAnWorks_install_oint: 0:14:58.505465
StAnWorks_install_cppc: 0:05:22.283248
StAnWorks_install_cc: 0:04:46.404692
StAnWorks_install_cq: 0:00:26.900829
StAnWorks_works_pvs_on_oldyml1: 0:11:20.237545
StAnWorks_works_oint_on_oldyml1: 0:06:41.315134
StAnWorks_works_cc_on_oldyml1: 0:15:01.717110
