ListWorksALL: 0:01:01.979000
StAnWorks_install_pvs: 0:00:11.201648
StAnWorks_install_oint: 0:12:49.662309
StAnWorks_install_cppc: 0:00:20.359997
StAnWorks_install_cc: 0:02:12.375083
