ListWorksALL: 0:01:58.803713
StAnWorks_install_pvs: 0:00:08.737238
StAnWorks_install_oint: 0:12:19.705104
StAnWorks_install_cppc: 0:04:35.081787
StAnWorks_install_cc: 0:04:15.588322
StAnWorks_install_cq: 0:01:02.643458
StAnWorks_works_pvs_on_Fix: 0:00:00.000020
StAnWorks_works_cq_on_Fix: 0:00:00.000012
StAnWorks_works_oint_on_Fix: 3:16:23.385907
StAnWorks_install_pvs: 0:00:38.043573
StAnWorks_install_cq: 0:01:17.087793
