ListWorksALL: 0:00:35.831315
StAnWorks_install_pvs: 0:00:07.753855
StAnWorks_install_oint: 0:10:27.017812
StAnWorks_install_cppc: 0:03:48.798770
StAnWorks_install_cc: 0:04:06.970946
StAnWorks_install_cq: 0:00:29.503149
StAnWorks_works_pvs_on_m240622p15: 0:00:00.000010
StAnWorks_works_cq_on_m240622p15: 0:00:00.000011
StAnWorks_install_pvs: 0:00:19.919611
StAnWorks_install_cq: 0:00:27.004432
