ListWorksALL: 0:00:12.957745
StAnWorks_install_pvs: 0:00:08.701040
StAnWorks_install_oint: 0:10:35.651726
StAnWorks_install_cppc: 0:03:44.655056
StAnWorks_install_cc: 0:03:18.998871
StAnWorks_install_cq: 0:00:26.807416
StAnWorks_works_pvs_on_m130422p4: 0:00:00.000012
StAnWorks_works_oint_on_m130422p4: 0:07:55.033868
StAnWorks_works_cc_on_m130422p4: 3:28:28.373186
