ListWorksALL: 0:00:28.964863
StAnWorks_install_pvs: 0:00:07.852628
StAnWorks_install_oint: 0:12:17.834512
StAnWorks_install_cppc: 0:04:03.670469
StAnWorks_install_cc: 0:01:03.279977
StAnWorks_install_cq: 0:00:25.817339
StAnWorks_works_pvs_on_m110622p13: 0:00:00.000014
StAnWorks_works_cq_on_m110622p13: 0:00:00.000012
