ListWorksALL: 0:00:08.173059
StAnWorks_install_pvs: 0:00:07.785509
StAnWorks_install_oint: 0:09:55.059089
StAnWorks_install_cppc: 0:03:45.389619
StAnWorks_install_cc: 0:03:16.017398
