ListWorksALL: 0:00:28.771802
StAnWorks_install_pvs: 0:00:09.879815
StAnWorks_install_oint: 0:14:46.107907
StAnWorks_install_cppc: 0:04:59.544791
StAnWorks_install_cc: 0:04:54.455624
StAnWorks_install_cq: 0:01:32.966634
