ListWorksALL: 0:00:16.052721
StAnWorks_install_pvs: 0:00:08.884314
StAnWorks_install_oint: 0:11:52.669474
StAnWorks_install_cppc: 0:04:16.261108
StAnWorks_install_cc: 0:04:03.797222
StAnWorks_install_cq: 0:00:30.412987
