ListWorksALL: 0:00:17.599822
StAnWorks_install_pvs: 0:00:10.452750
StAnWorks_install_oint: 0:12:16.162235
StAnWorks_install_cppc: 0:04:22.549461
StAnWorks_install_cc: 0:03:48.519918
