ListWorksALL: 0:00:09.757146
StAnWorks_install_pvs: 0:00:07.781381
StAnWorks_install_oint: 0:10:36.633901
StAnWorks_install_cppc: 0:03:48.916053
StAnWorks_install_cc: 0:03:24.598449
StAnWorks_install_cq: 0:00:27.397151
