ListWorksALL: 0:00:24.880208
StAnWorks_install_pvs: 0:00:08.845396
StAnWorks_install_oint: 0:11:37.988224
StAnWorks_install_cppc: 0:03:55.850271
StAnWorks_install_cc: 0:03:22.326994
StAnWorks_install_cq: 0:00:53.315656
