ListWorksALL: 0:00:08.905742
StAnWorks_install_pvs: 0:00:07.403284
StAnWorks_install_oint: 0:10:00.685979
StAnWorks_install_cppc: 0:03:36.552396
StAnWorks_install_cc: 0:03:04.944726
StAnWorks_install_cq: 0:00:26.185630
StAnWorks_works_pvs_on_m180622p14: 0:00:00.000010
StAnWorks_works_cq_on_m180622p14: 0:00:00.000009
StAnWorks_works_oint_on_m180622p14: 0:34:21.762188
StAnWorks_works_cc_on_m180622p14: 0:00:00.000015
StAnWorks_works_cppc_on_m180622p14: 4:00:18.390055
StAnWorks_install_pvs: 0:00:38.554511
StAnWorks_install_cq: 0:00:26.490729
StAnWorks_works_pvs_on_m180622p14: 0:04:50.839146
StAnWorks_works_cq_on_m180622p14: 0:37:28.407644
