ListWorksALL: 0:00:34.840635
StAnWorks_install_pvs: 0:00:09.752306
StAnWorks_install_oint: 0:13:17.178503
StAnWorks_install_cppc: 0:00:20.968970
StAnWorks_install_cc: 0:04:02.460350
StAnWorks_install_cq: 0:00:46.947193
