ListWorksALL: 0:00:53.249649
StAnWorks_install_pvs: 0:00:08.102635
StAnWorks_install_oint: 0:09:55.939622
StAnWorks_install_cppc: 0:00:18.142145
StAnWorks_install_cc: 0:03:13.332904
StAnWorks_install_cq: 0:00:30.678685
