ListWorksALL: 0:00:33.678814
StAnWorks_install_pvs: 0:00:07.462156
StAnWorks_install_oint: 0:09:57.346022
StAnWorks_install_cppc: 0:00:17.157900
StAnWorks_install_cc: 0:03:11.669335
StAnWorks_install_cq: 0:00:32.953293
StAnWorks_works_pvs_on_Fix: 0:00:00.000011
StAnWorks_works_cq_on_Fix: 0:00:00.000010
StAnWorks_works_oint_on_Fix: 0:09:12.431954
StAnWorks_works_cc_on_Fix: 4:00:50.607305
