ListWorksALL: 0:00:07.491521
StAnWorks_install_pvs: 0:00:07.636624
StAnWorks_install_oint: 0:10:30.503867
StAnWorks_install_cppc: 0:03:45.265953
StAnWorks_install_cc: 0:01:05.117784
StAnWorks_install_cq: 0:00:29.950150
StAnWorks_works_pvs_on_m180622p14: 0:00:00.000013
StAnWorks_works_cq_on_m180622p14: 4:00:28.587077
