ListWorksALL: 0:00:10.156057
StAnWorks_install_pvs: 0:00:10.087694
StAnWorks_install_oint: 0:15:38.122933
StAnWorks_install_cppc: 0:05:09.406511
StAnWorks_install_cc: 0:05:02.678505
StAnWorks_install_cq: 0:00:46.446304
