ListWorksALL: 0:01:05.567303
StAnWorks_install_pvs: 0:00:07.306071
StAnWorks_install_oint: 0:09:53.568830
StAnWorks_install_cppc: 0:00:17.860112
StAnWorks_install_cc: 0:03:10.962257
StAnWorks_install_cq: 0:00:30.362379
