ListWorksALL: 0:00:29.216436
StAnWorks_install_pvs: 0:00:07.582908
StAnWorks_install_oint: 0:10:31.715622
StAnWorks_install_cppc: 0:03:33.939703
StAnWorks_install_cc: 0:00:59.931845
