ListWorksALL: 0:00:09.065295
StAnWorks_install_pvs: 0:00:10.333065
StAnWorks_install_oint: 0:14:23.665765
StAnWorks_install_cppc: 0:05:03.578822
StAnWorks_install_cc: 0:04:34.297731
StAnWorks_install_cq: 0:00:36.123228
StAnWorks_install_pvs: 0:00:19.389556
StAnWorks_install_cq: 0:00:34.814162
StAnWorks_install_pvs: 0:00:42.436572
StAnWorks_install_cq: 0:00:24.623527
StAnWorks_works_pvs_on_m280422p7: 0:12:38.107805
