ListWorksALL: 0:00:17.381727
StAnWorks_install_pvs: 0:00:09.118146
StAnWorks_install_oint: 0:11:07.930891
StAnWorks_install_cppc: 0:03:57.867986
StAnWorks_install_cc: 0:03:33.043875
StAnWorks_install_cq: 0:00:27.810425
StAnWorks_works_pvs_on_m140422p5: 0:00:00.000013
StAnWorks_works_oint_on_m140422p5: 0:48:21.374875
