ListWorksALL: 0:01:03.473695
StAnWorks_install_pvs: 0:00:09.044222
StAnWorks_install_oint: 0:10:17.234386
StAnWorks_install_cppc: 0:00:17.795130
StAnWorks_install_cc: 0:03:24.848442
StAnWorks_install_cq: 0:01:01.351287
StAnWorks_works_pvs_on_m060822p3: 4:01:10.024317
StAnWorks_works_cq_on_m060822p3: 0:22:33.791394
