ListWorksALL: 0:01:27.271418
StAnWorks_install_pvs: 0:00:09.384241
StAnWorks_install_oint: 0:10:28.343923
StAnWorks_install_cppc: 0:00:16.395464
StAnWorks_install_cc: 0:03:38.651143
StAnWorks_install_cq: 0:00:30.783868
StAnWorks_works_pvs_on_Fix: 0:00:00.000014
StAnWorks_works_cq_on_Fix: 4:01:39.683332
StAnWorks_install_pvs: 0:00:37.961536
StAnWorks_install_cq: 0:00:30.770058
