ListWorksALL: 0:00:11.257764
StAnWorks_install_pvs: 0:00:08.681895
StAnWorks_install_oint: 0:11:02.211288
StAnWorks_install_cppc: 0:03:57.431736
StAnWorks_install_cc: 0:03:26.537062
StAnWorks_install_cq: 0:00:26.517005
StAnWorks_works_pvs_on_m280522p11: 0:00:00.000013
