ListWorksALL: 0:01:04.426791
StAnWorks_install_pvs: 0:00:08.553907
StAnWorks_install_oint: 0:08:57.508946
StAnWorks_install_cppc: 0:00:18.954788
StAnWorks_install_cc: 0:03:20.792140
StAnWorks_install_cq: 0:00:49.007105
StAnWorks_install_pvs: 0:00:33.826602
StAnWorks_install_cq: 0:01:31.225847
StAnWorks_works_pvs_on_m200822p5: 0:00:00.000019
