ListWorksALL: 0:00:11.416403
StAnWorks_install_pvs: 0:00:07.805407
StAnWorks_install_oint: 0:10:37.802189
StAnWorks_install_cppc: 0:03:50.409656
StAnWorks_install_cc: 0:03:18.777049
StAnWorks_install_cq: 0:00:25.145006
StAnWorks_works_pvs_on_m280522p11: 0:00:00.000014
StAnWorks_works_cq_on_m280522p11: 0:00:00.000012
