ListWorksALL: 0:00:32.208776
StAnWorks_install_pvs: 0:00:08.364246
StAnWorks_install_oint: 0:10:11.764366
StAnWorks_install_cppc: 0:00:18.319929
StAnWorks_install_cc: 0:03:19.031719
StAnWorks_install_cq: 0:00:38.060282
StAnWorks_works_pvs_on_Fix: 0:00:00.000011
StAnWorks_works_cq_on_Fix: 4:00:38.623690
StAnWorks_install_pvs: 0:00:38.936559
StAnWorks_install_cq: 0:00:31.948642
StAnWorks_works_pvs_on_m120822p4: 0:00:00.000011
