ListWorksALL: 0:00:53.337634
StAnWorks_install_pvs: 0:00:10.187153
StAnWorks_install_oint: 0:16:19.091123
StAnWorks_install_cppc: 0:00:20.956968
StAnWorks_install_cc: 0:05:18.596414
StAnWorks_install_cq: 0:01:00.146431
StAnWorks_works_pvs_on_m300722p2: 0:00:00.000021
StAnWorks_works_cq_on_m300722p2: 0:00:00.000015
StAnWorks_works_oint_on_m300722p2: 1:58:42.881164
