ListWorksALL: 0:00:29.921482
StAnWorks_install_pvs: 0:00:08.537292
StAnWorks_install_oint: 0:10:06.340090
StAnWorks_install_cppc: 0:00:18.339945
StAnWorks_install_cc: 0:03:17.845945
