ListWorksALL: 0:00:41.487906
StAnWorks_install_pvs: 0:00:08.555509
StAnWorks_install_oint: 0:10:41.588181
StAnWorks_install_cppc: 0:03:50.886331
StAnWorks_install_cc: 0:03:33.558092
