ListWorksALL: 0:00:17.807694
StAnWorks_install_pvs: 0:00:08.804103
StAnWorks_install_oint: 0:10:11.345150
StAnWorks_install_cppc: 0:03:43.335034
StAnWorks_install_cc: 0:03:26.496093
StAnWorks_install_cq: 0:00:23.980478
StAnWorks_works_pvs_on_m140522p9: 0:00:00.000013
StAnWorks_works_cq_on_m140522p9: 4:00:47.105335
StAnWorks_install_pvs: 0:00:40.596194
StAnWorks_install_cq: 0:00:23.859733
StAnWorks_install_pvs: 0:00:45.474971
StAnWorks_install_cq: 0:00:24.299046
