ListWorksALL: 0:00:14.214356
StAnWorks_install_pvs: 0:00:08.067552
StAnWorks_install_oint: 0:10:36.240427
StAnWorks_install_cppc: 0:03:51.184977
StAnWorks_install_cc: 0:03:40.162219
