ListWorksALL: 0:00:15.874611
StAnWorks_install_pvs: 0:00:08.206431
StAnWorks_install_oint: 0:10:29.285657
StAnWorks_install_cppc: 0:03:47.752056
StAnWorks_install_cc: 0:03:28.834922
