ListWorksALL: 0:01:27.119967
StAnWorks_install_pvs: 0:00:08.918161
StAnWorks_install_oint: 0:10:48.592751
StAnWorks_install_cppc: 0:00:16.438637
StAnWorks_install_cc: 0:03:35.381118
StAnWorks_install_cq: 0:00:27.885491
StAnWorks_works_pvs_on_Fix: 4:01:35.668045
StAnWorks_install_pvs: 0:00:37.156452
StAnWorks_install_cq: 0:00:27.336071
