ListWorksALL: 0:00:20.407447
StAnWorks_install_pvs: 0:00:07.673262
StAnWorks_install_oint: 0:10:22.933202
StAnWorks_install_cppc: 0:03:30.196673
StAnWorks_install_cc: 0:03:09.434913
StAnWorks_install_cq: 0:00:29.892370
StAnWorks_works_pvs_on_m200522p10: 0:00:00.000014
StAnWorks_works_cq_on_m200522p10: 0:00:00.000010
StAnWorks_works_oint_on_m200522p10: 2:37:19.789545
StAnWorks_install_pvs: 0:00:27.287731
StAnWorks_install_cq: 0:00:27.927728
