ListWorksALL: 0:00:34.825055
StAnWorks_install_pvs: 0:00:06.946738
StAnWorks_install_oint: 0:09:56.505947
StAnWorks_install_cppc: 0:03:34.191673
StAnWorks_install_cc: 0:03:02.962933
StAnWorks_install_cq: 0:00:28.655038
StAnWorks_works_pvs_on_m010722p16: 1:10:32.498823
StAnWorks_works_cq_on_m010722p16: 1:22:37.089634
StAnWorks_works_oint_on_m010722p16: 0:27:02.024854
