ListWorksALL: 0:00:42.127420
StAnWorks_install_pvs: 0:00:09.572540
StAnWorks_install_oint: 0:13:48.028081
StAnWorks_install_cppc: 0:00:20.179313
StAnWorks_install_cc: 0:04:39.058938
