ListWorksALL: 0:00:14.252874
StAnWorks_install_pvs: 0:00:08.593362
StAnWorks_install_oint: 0:11:15.418095
StAnWorks_install_cppc: 0:04:11.195898
StAnWorks_install_cc: 0:03:55.475520
StAnWorks_install_cq: 0:00:29.091246
StAnWorks_works_pvs_on_m150722p18div3: 0:04:16.874395
StAnWorks_works_cq_on_m150722p18div3: 0:23:56.046872
StAnWorks_works_oint_on_m150722p18div3: 0:02:03.190127
StAnWorks_works_cc_on_m150722p18div3: 0:10:00.945871
StAnWorks_works_oint_on_m150722p18div3: 0:01:00.209062
StAnWorks_works_cc_on_m150722p18div3: 0:02:18.002666
StAnWorks_works_cppc_on_m150722p18div3: 0:27:07.882328
