ListWorksALL: 0:00:34.825055
StAnWorks_install_pvs: 0:00:06.946738
StAnWorks_install_oint: 0:09:56.505947
StAnWorks_install_cppc: 0:03:34.191673
StAnWorks_install_cc: 0:03:02.962933
