ListWorksALL: 0:00:34.013571
StAnWorks_install_pvs: 0:00:07.942999
StAnWorks_install_oint: 0:11:10.103655
StAnWorks_install_cppc: 0:00:16.455403
StAnWorks_install_cc: 0:03:34.527964
StAnWorks_install_cq: 0:00:28.704023
StAnWorks_works_pvs_on_m060822p3: 0:00:00.000011
StAnWorks_works_cq_on_m060822p3: 0:00:00.000012
StAnWorks_works_oint_on_m060822p3: 1:15:37.286145
StAnWorks_works_cc_on_m060822p3: 2:06:27.400060
StAnWorks_works_cppc_on_m060822p3: 0:03:21.163444
