ListWorksALL: 0:00:36.345790
StAnWorks_install_pvs: 0:00:07.468448
StAnWorks_install_oint: 0:10:01.751965
StAnWorks_install_cppc: 0:03:31.270423
StAnWorks_install_cc: 0:03:14.677163
StAnWorks_install_cq: 0:00:54.960882
StAnWorks_works_pvs_on_m240622p15: 0:00:00.000012
StAnWorks_works_cq_on_m240622p15: 0:00:00.000012
StAnWorks_install_pvs: 0:00:20.698343
StAnWorks_install_cq: 0:00:26.234775
StAnWorks_install_pvs: 0:00:42.915409
StAnWorks_install_cq: 0:00:57.526069
