ListWorksALL: 0:01:11.807034
StAnWorks_install_pvs: 0:00:08.640565
StAnWorks_install_oint: 0:10:52.336842
StAnWorks_install_cppc: 0:04:03.703942
StAnWorks_install_cc: 0:03:46.645658
StAnWorks_install_cq: 0:00:28.632854
StAnWorks_works_pvs_on_Fix: 0:00:00.000015
StAnWorks_works_cq_on_Fix: 0:00:00.000011
