ListWorksALL: 0:00:19.552250
StAnWorks_install_pvs: 0:00:08.217783
StAnWorks_install_oint: 0:10:17.305948
StAnWorks_install_cppc: 0:00:20.306138
StAnWorks_install_cc: 0:04:00.429974
StAnWorks_install_cq: 0:00:35.473762
