ListWorksALL: 0:00:32.624601
StAnWorks_install_pvs: 0:00:07.681807
StAnWorks_install_oint: 0:10:30.211843
StAnWorks_install_cppc: 0:00:16.317273
StAnWorks_install_cc: 0:03:27.700026
