ListWorksALL: 0:00:12.269858
StAnWorks_install_pvs: 0:00:08.143279
StAnWorks_install_oint: 0:10:55.939962
StAnWorks_install_cppc: 0:03:53.657926
StAnWorks_install_cc: 0:03:21.105531
StAnWorks_install_cq: 0:00:51.973624
StAnWorks_works_pvs_on_Fix: 0:00:00.000011
StAnWorks_works_cq_on_Fix: 0:00:00.000012
