ListWorksALL: 0:00:33.903893
StAnWorks_install_pvs: 0:00:07.373287
StAnWorks_install_oint: 0:09:57.766738
StAnWorks_install_cppc: 0:00:17.114448
StAnWorks_install_cc: 0:03:09.662821
StAnWorks_install_cq: 0:00:29.483774
