ListWorksALL: 0:00:45.773682
StAnWorks_install_pvs: 0:00:09.144064
StAnWorks_install_oint: 0:10:34.339658
StAnWorks_install_cppc: 0:00:16.548704
StAnWorks_install_cc: 0:03:28.153873
StAnWorks_install_cq: 0:00:30.100152
StAnWorks_works_pvs_on_m300722p2: 0:00:00.000013
StAnWorks_works_cq_on_m300722p2: 0:00:00.000012
