ListWorksALL: 0:00:10.380165
StAnWorks_install_pvs: 0:00:07.339835
StAnWorks_install_oint: 0:10:05.801635
StAnWorks_install_cppc: 0:03:33.553766
StAnWorks_install_cc: 0:03:27.009817
StAnWorks_install_cq: 0:00:25.903264
StAnWorks_works_pvs_on_Fix: 0:00:00.000010
StAnWorks_works_cq_on_Fix: 4:00:17.688863
