ListWorksALL: 0:00:28.855977
StAnWorks_install_pvs: 0:00:09.987118
StAnWorks_install_oint: 0:10:25.786984
StAnWorks_install_cppc: 0:00:19.965534
StAnWorks_install_cc: 0:04:06.475679
StAnWorks_install_cq: 0:00:40.173910
StAnWorks_install_pvs: 0:00:32.272264
StAnWorks_install_cq: 0:00:31.043624
StAnWorks_works_pvs_on_m300722p2: 0:00:00.000012
