ListWorksALL: 0:00:19.963508
StAnWorks_install_pvs: 0:00:12.324628
StAnWorks_install_oint: 0:08:53.478518
StAnWorks_install_cppc: 0:00:17.964708
StAnWorks_install_cc: 0:03:30.815212
StAnWorks_install_cq: 0:00:33.192495
