ListWorksALL: 0:00:12.836869
StAnWorks_install_pvs: 0:00:08.901636
StAnWorks_install_oint: 0:10:49.994941
StAnWorks_install_cppc: 0:03:49.744555
StAnWorks_install_cc: 0:03:20.968741
