ListWorksALL: 0:00:10.552403
StAnWorks_install_pvs: 0:00:09.262374
StAnWorks_install_oint: 0:13:17.054785
StAnWorks_install_cppc: 0:04:45.263420
StAnWorks_install_cc: 0:04:17.962864
StAnWorks_install_cq: 0:00:35.498802
StAnWorks_works_pvs_on_m180622p14: 0:00:00.000020
