ListWorksALL: 0:01:53.457389
StAnWorks_install_pvs: 0:00:08.066778
StAnWorks_install_oint: 0:10:50.296284
StAnWorks_install_cppc: 0:03:54.725536
StAnWorks_install_cc: 0:03:40.477592
StAnWorks_install_cq: 0:00:34.963160
StAnWorks_works_pvs_on_Fix: 0:00:00.000014
StAnWorks_works_cq_on_Fix: 4:02:02.177389
StAnWorks_install_pvs: 0:00:37.359754
StAnWorks_install_cq: 0:00:27.276419
StAnWorks_works_pvs_on_m120822p4: 0:00:00.000012
