ListWorksALL: 0:00:36.088536
StAnWorks_install_pvs: 0:00:09.706251
StAnWorks_install_oint: 0:15:35.808872
StAnWorks_install_cppc: 0:00:21.020054
StAnWorks_install_cc: 0:05:03.508182
