ListWorksALL: 0:00:09.831598
StAnWorks_install_pvs: 0:00:11.143747
StAnWorks_install_oint: 0:11:15.620033
StAnWorks_install_cppc: 0:03:42.438424
StAnWorks_install_cc: 0:03:17.378399
StAnWorks_install_cq: 0:00:28.981216
StAnWorks_works_pvs_on_m220422p6: 0:00:00.000013
StAnWorks_works_oint_on_m220422p6: 0:28:05.203346
StAnWorks_works_cc_on_m220422p6: 0:00:00.000021
