ListWorksALL: 0:01:58.803713
StAnWorks_install_pvs: 0:00:08.737238
StAnWorks_install_oint: 0:12:19.705104
StAnWorks_install_cppc: 0:04:35.081787
StAnWorks_install_cc: 0:04:15.588322
