ListWorksALL: 0:01:16.821906
StAnWorks_install_pvs: 0:00:10.192309
StAnWorks_install_oint: 0:12:33.898489
StAnWorks_install_cppc: 0:04:17.386617
StAnWorks_install_cc: 0:04:12.394114
StAnWorks_install_cq: 0:00:29.257611
StAnWorks_works_pvs_on_Fix: 0:00:00.000013
