ListWorksALL: 0:01:30.481679
StAnWorks_install_pvs: 0:00:08.579780
StAnWorks_install_oint: 0:12:39.038961
StAnWorks_install_cppc: 0:00:17.436330
StAnWorks_install_cc: 0:04:04.245265
