ListWorksALL: 0:00:19.654811
StAnWorks_install_pvs: 0:00:09.909823
StAnWorks_install_oint: 0:11:13.084557
StAnWorks_install_cppc: 0:03:49.941961
StAnWorks_install_cc: 0:03:24.564791
StAnWorks_install_cq: 0:00:30.776632
StAnWorks_works_pvs_on_m140522p9: 0:00:00.000014
StAnWorks_works_cq_on_m140522p9: 0:00:00.000013
StAnWorks_works_oint_on_m140522p9: 1:07:34.972105
