ListWorksALL: 0:00:37.704712
StAnWorks_install_pvs: 0:00:07.968267
StAnWorks_install_oint: 0:10:19.503269
StAnWorks_install_cppc: 0:03:50.196929
StAnWorks_install_cc: 0:03:30.153234
StAnWorks_install_cq: 0:00:30.438383
StAnWorks_works_pvs_on_Fix: 4:00:44.639325
StAnWorks_install_pvs: 0:00:25.197082
StAnWorks_install_cq: 0:00:32.966861
