ListWorksALL: 0:00:34.213600
StAnWorks_install_pvs: 0:00:07.521331
StAnWorks_install_oint: 0:10:57.742267
StAnWorks_install_cppc: 0:00:17.034278
StAnWorks_install_cc: 0:03:27.334826
