ListWorksALL: 0:00:23.046220
StAnWorks_install_pvs: 0:00:11.398976
StAnWorks_install_oint: 0:15:11.611284
StAnWorks_install_cppc: 0:05:08.513303
StAnWorks_install_cc: 0:04:46.721631
StAnWorks_install_cq: 0:01:05.395354
StAnWorks_works_pvs_on_m140522p9: 0:00:00.000015
