ListWorksALL: 0:00:58.809395
StAnWorks_install_pvs: 0:00:10.833111
StAnWorks_install_oint: 0:12:02.087049
StAnWorks_install_cppc: 0:00:18.789444
StAnWorks_install_cc: 0:03:56.525048
StAnWorks_install_cq: 0:01:12.356994
StAnWorks_works_pvs_on_m300722p2: 0:00:00.000020
