ListWorksALL: 0:00:26.937601
StAnWorks_install_pvs: 0:00:09.920057
StAnWorks_install_oint: 0:12:08.616902
StAnWorks_install_cppc: 0:04:22.066925
StAnWorks_install_cc: 0:01:11.791670
StAnWorks_install_cq: 0:00:38.915791
