ListWorksALL: 0:00:19.755543
StAnWorks_install_pvs: 0:00:09.863474
StAnWorks_install_oint: 0:15:43.651801
StAnWorks_install_cppc: 0:05:22.534919
StAnWorks_install_cc: 0:05:00.437568
StAnWorks_install_cq: 0:00:51.980380
