ListWorksALL: 0:00:36.088536
StAnWorks_install_pvs: 0:00:09.706251
StAnWorks_install_oint: 0:15:35.808872
StAnWorks_install_cppc: 0:00:21.020054
StAnWorks_install_cc: 0:05:03.508182
StAnWorks_install_cq: 0:00:35.404331
StAnWorks_works_pvs_on_Fix: 0:00:00.000016
