ListWorksALL: 0:00:18.509833
StAnWorks_install_pvs: 0:00:11.089835
StAnWorks_install_oint: 0:12:29.606812
StAnWorks_install_cppc: 0:04:24.939582
StAnWorks_install_cc: 0:03:56.966583
StAnWorks_install_cq: 0:00:24.317058
StAnWorks_works_pvs_on_m070522p8: 0:16:31.401373
StAnWorks_works_oint_on_m070522p8: 0:10:57.926730
StAnWorks_works_cc_on_m070522p8: 0:00:00.000021
StAnWorks_works_cppc_on_m070522p8: 4:00:23.023732
