ListWorksALL: 0:00:38.228977
StAnWorks_install_pvs: 0:00:08.051598
StAnWorks_install_oint: 0:10:55.108606
StAnWorks_install_cppc: 0:00:18.437298
StAnWorks_install_cc: 0:03:22.720716
StAnWorks_install_cq: 0:00:30.758350
StAnWorks_works_pvs_on_m300722p2: 0:00:00.000009
StAnWorks_works_cq_on_m300722p2: 0:00:00.000011
StAnWorks_works_oint_on_m300722p2: 1:22:08.090782
