ListWorksALL: 0:00:28.962983
StAnWorks_install_pvs: 0:00:08.927414
StAnWorks_install_oint: 0:09:20.369025
StAnWorks_install_cppc: 0:00:16.897593
StAnWorks_install_cc: 0:03:43.122755
