ListWorksALL: 0:00:11.775567
StAnWorks_install_pvs: 0:00:08.036525
StAnWorks_install_oint: 0:10:16.883586
StAnWorks_install_cppc: 0:03:33.170644
StAnWorks_install_cc: 0:03:27.195751
StAnWorks_install_cq: 0:00:52.812755
