ListWorksALL: 0:00:11.119861
StAnWorks_install_pvs: 0:00:08.805732
StAnWorks_install_oint: 0:14:06.682410
StAnWorks_install_cppc: 0:04:43.711120
StAnWorks_install_cc: 0:04:47.746259
